age,duration,campaign,pdays,previous,emp.var.rate,cons.price.idx,cons.conf.idx,euribor3m,nr.employed,purchased,id,job,marital,education,default,housing,loan,contact,month,day_of_week,poutcome
39,156,5,999,0,1.4,94.465,-41.8,4.865,5228.1,0,224,4,1,1,1,0,0,1,4,1,1
25,103,1,999,0,1.4,93.91799999999999,-42.7,4.963,5228.1,0,1024,0,2,3,0,2,0,0,3,2,1
50,121,2,999,0,1.1,93.994,-36.4,4.859,5191.0,0,836,9,1,5,0,0,0,1,6,0,1
45,187,1,999,0,1.4,93.444,-36.1,4.965,5228.1,0,349,1,1,0,1,2,2,0,1,1,1
46,124,4,999,0,-1.8,93.075,-47.1,1.405,5099.1,0,3900,7,1,3,0,0,0,0,0,1,1
49,582,1,999,0,-0.1,93.2,-42.0,4.12,5195.8,0,789,4,1,3,0,0,0,0,7,4,1
35,91,2,999,0,1.1,93.994,-36.4,4.8580000000000005,5191.0,0,2468,1,1,2,1,0,0,1,6,4,1
27,64,2,999,1,-1.8,92.89299999999999,-46.2,1.354,5099.1,0,4117,8,2,3,0,0,0,0,6,1,0
29,20,1,999,0,-1.8,92.89299999999999,-46.2,1.266,5099.1,0,1125,9,2,2,0,0,0,0,6,2,1
30,245,2,999,0,1.4,93.91799999999999,-42.7,4.962,5228.1,0,2526,1,1,2,0,2,0,0,3,1,1
31,20,12,999,0,1.1,93.994,-36.4,4.856,5191.0,0,2947,10,2,5,0,0,0,1,6,3,1
59,135,2,999,0,1.4,94.465,-41.8,4.947,5228.1,0,2765,9,0,0,0,2,0,1,4,0,1
46,89,1,999,0,1.4,94.465,-41.8,4.961,5228.1,0,3755,1,1,0,1,0,2,1,4,2,1
27,134,1,3,1,-1.8,92.89299999999999,-46.2,1.266,5099.1,0,1099,0,2,6,0,0,0,0,6,3,2
31,172,5,999,0,1.4,93.444,-36.1,4.966,5228.1,0,3911,3,1,0,0,0,0,0,1,0,1
29,48,7,999,0,1.4,93.91799999999999,-42.7,4.958,5228.1,0,1148,0,1,3,0,0,0,0,3,2,1
31,257,2,999,0,1.1,93.994,-36.4,4.8580000000000005,5191.0,0,770,9,1,5,0,0,0,1,6,4,1
33,131,1,999,0,1.1,93.994,-36.4,4.856,5191.0,0,1806,7,1,3,1,0,0,1,6,3,1
47,117,2,999,0,1.4,93.91799999999999,-42.7,4.961,5228.1,0,159,9,2,7,0,0,0,0,3,3,1
34,107,1,999,0,1.4,93.444,-36.1,4.9639999999999995,5228.1,0,771,9,1,3,0,2,0,0,1,0,1
29,565,1,999,0,-1.8,92.89299999999999,-46.2,1.244,5099.1,1,2384,0,1,6,0,2,0,0,6,1,1
52,578,1,999,0,-0.1,93.2,-42.0,4.191,5195.8,0,2639,4,0,6,0,0,0,0,7,1,1
32,232,2,999,0,-1.8,92.89299999999999,-46.2,1.244,5099.1,0,2115,0,1,6,0,2,0,0,6,1,1
32,301,3,999,0,1.4,93.444,-36.1,4.965,5228.1,0,2405,0,1,6,0,0,2,0,1,3,1
56,196,2,999,0,1.4,93.91799999999999,-42.7,4.963,5228.1,0,2745,9,1,5,0,0,0,0,3,0,1
26,127,1,999,0,1.4,93.91799999999999,-42.7,4.963,5228.1,0,286,3,2,3,1,2,2,1,3,2,1
33,165,1,999,1,-1.8,92.89299999999999,-46.2,1.266,5099.1,1,2582,0,1,6,0,2,0,0,6,3,0
37,69,2,999,0,1.4,93.444,-36.1,4.966,5228.1,0,3815,9,1,3,1,2,0,0,1,3,1
43,402,1,999,0,1.4,93.91799999999999,-42.7,4.962,5228.1,0,3165,3,1,0,0,2,0,0,3,4,1
26,200,2,999,0,1.4,93.91799999999999,-42.7,4.96,5228.1,0,2497,1,2,2,0,2,0,0,3,1,1
39,23,1,999,0,1.4,94.465,-41.8,4.967,5228.1,0,3034,4,1,6,0,2,0,1,4,0,1
31,105,1,999,0,1.4,94.465,-41.8,4.961,5228.1,0,3196,1,1,1,0,2,2,1,4,3,1
38,182,3,999,0,1.4,93.91799999999999,-42.7,4.96,5228.1,0,1749,0,1,5,0,0,0,0,3,1,1
37,175,1,999,1,-1.8,93.075,-47.1,1.405,5099.1,0,1395,7,1,3,0,0,2,0,0,0,0
52,195,1,999,0,-1.8,93.876,-40.0,0.677,5008.7,1,3355,0,1,6,0,0,0,0,6,2,1
30,123,4,999,0,1.4,93.444,-36.1,4.963,5228.1,0,2194,0,2,6,0,0,0,0,1,1,1
46,199,2,999,2,-1.1,94.76700000000001,-50.8,1.048,4963.6,0,162,0,2,3,0,2,0,0,7,1,0
32,711,1,999,0,1.4,93.91799999999999,-42.7,4.962,5228.1,0,213,9,1,5,0,0,0,0,3,3,1
30,98,5,999,0,-1.8,92.89299999999999,-46.2,1.291,5099.1,0,3351,6,1,5,0,2,0,0,6,3,1
51,286,2,999,0,-0.1,93.2,-42.0,4.12,5195.8,0,1598,0,1,3,0,0,0,0,7,4,1
48,193,2,999,0,-1.8,93.075,-47.1,1.405,5099.1,0,1779,7,1,3,0,2,0,0,0,0,1
55,89,4,999,0,1.4,94.465,-41.8,4.962,5228.1,0,3899,4,2,0,0,2,0,1,4,4,1
29,10,27,999,0,1.4,94.465,-41.8,4.959,5228.1,0,57,0,2,6,0,2,0,1,4,0,1
39,36,6,999,0,-1.8,92.89299999999999,-46.2,1.354,5099.1,0,1792,0,1,6,0,2,0,1,6,1,1
41,132,2,999,0,1.4,94.465,-41.8,4.865,5228.1,0,1456,1,1,0,0,2,0,1,4,1,1
59,94,1,999,0,1.4,93.444,-36.1,4.963,5228.1,0,235,5,1,0,0,2,0,0,1,0,1
34,359,1,999,0,1.1,93.994,-36.4,4.856,5191.0,0,1491,0,2,3,0,2,0,1,6,4,1
54,218,2,999,0,1.4,93.444,-36.1,4.968,5228.1,0,822,0,2,6,1,0,0,0,1,2,1
29,209,2,999,0,1.4,93.444,-36.1,4.965,5228.1,0,1195,0,1,6,0,2,0,0,1,1,1
21,820,2,999,0,-1.8,93.075,-47.1,1.435,5099.1,0,1041,7,2,3,0,2,2,0,0,2,1
42,888,3,999,0,-0.1,93.2,-42.0,4.021,5195.8,0,203,6,1,6,0,2,0,0,7,0,1
37,395,1,999,1,-1.8,92.89299999999999,-46.2,1.3130000000000002,5099.1,0,70,6,1,6,0,0,0,0,6,0,0
52,81,2,999,1,-1.8,92.89299999999999,-46.2,1.3130000000000002,5099.1,0,1969,0,1,3,0,2,2,0,6,0,0
59,240,3,999,1,-2.9,92.20100000000001,-31.4,0.8340000000000001,5076.2,0,645,9,1,5,0,2,0,1,1,4,0
45,21,3,999,0,1.4,93.91799999999999,-42.7,4.961,5228.1,0,3265,1,2,0,1,2,2,0,3,3,1
36,422,1,3,4,-1.7,94.055,-39.8,0.72,4991.6,1,1794,4,0,6,0,2,0,0,4,1,2
49,813,2,999,0,1.1,93.994,-36.4,4.856,5191.0,0,1558,1,1,2,1,0,0,1,6,3,1
33,211,6,999,0,1.4,93.91799999999999,-42.7,4.961,5228.1,0,1154,10,2,7,0,0,0,0,3,3,1
53,168,3,999,0,1.1,93.994,-36.4,4.864,5191.0,0,2808,0,1,2,1,2,0,1,6,0,1
30,417,1,3,1,-1.8,92.89299999999999,-46.2,1.354,5099.1,1,382,10,1,3,0,0,0,0,6,1,2
42,212,1,999,0,-1.8,92.89299999999999,-46.2,1.2990000000000002,5099.1,0,1070,1,1,0,0,0,0,0,6,1,1
28,156,1,999,0,-1.8,92.89299999999999,-46.2,1.266,5099.1,0,3852,1,2,2,0,0,0,0,6,2,1
33,113,3,999,0,1.4,93.444,-36.1,4.9639999999999995,5228.1,0,453,4,1,6,0,2,0,0,1,4,1
22,53,2,3,1,-2.9,92.20100000000001,-31.4,0.873,5076.2,0,3649,8,2,3,0,0,0,0,1,2,2
36,148,2,999,0,1.1,93.994,-36.4,4.857,5191.0,0,2167,0,2,3,0,0,2,1,6,0,1
34,64,1,999,0,1.4,93.444,-36.1,4.97,5228.1,0,1689,9,2,5,0,2,2,1,1,1,1
30,181,2,999,0,-2.9,92.963,-40.8,1.26,5076.2,1,825,7,2,3,0,2,0,0,4,1,1
29,339,5,999,0,1.1,93.994,-36.4,4.859,5191.0,0,2180,7,2,6,0,0,0,1,6,0,1
32,55,1,999,0,1.4,93.444,-36.1,4.965,5228.1,0,1800,9,1,3,0,2,0,0,1,1,1
31,50,2,999,1,-1.8,92.89299999999999,-46.2,1.327,5099.1,0,2924,7,2,3,0,0,2,0,6,2,0
48,266,5,999,0,1.4,93.91799999999999,-42.7,4.963,5228.1,0,3677,9,1,5,0,0,2,0,3,4,1
28,1148,1,999,0,-1.8,92.89299999999999,-46.2,1.327,5099.1,1,2686,0,0,6,0,2,0,0,6,2,1
40,355,1,999,0,-2.9,92.963,-40.8,1.252,5076.2,1,1874,10,2,0,0,0,0,0,4,3,1
53,180,1,999,0,-0.1,93.2,-42.0,4.021,5195.8,0,3786,1,1,0,0,2,0,0,7,0,1
34,347,1,999,1,-1.8,92.89299999999999,-46.2,1.2990000000000002,5099.1,0,2625,9,1,3,0,0,0,0,6,1,0
29,281,2,999,0,-0.1,93.2,-42.0,4.0760000000000005,5195.8,0,777,9,2,6,0,2,2,0,7,2,1
42,228,2,999,1,-1.8,92.89299999999999,-46.2,1.281,5099.1,0,4049,9,0,3,0,2,0,0,6,4,0
49,122,4,999,0,1.1,93.994,-36.4,4.855,5191.0,0,1648,1,1,0,1,0,0,1,6,0,1
33,94,1,999,0,1.4,93.444,-36.1,4.963,5228.1,0,4014,0,1,6,1,2,2,0,1,0,1
48,257,7,999,0,1.1,93.994,-36.4,4.86,5191.0,0,299,9,2,7,1,0,0,1,6,2,1
34,71,3,999,0,-1.8,92.89299999999999,-46.2,1.27,5099.1,0,1515,7,1,3,0,0,0,0,6,4,1
36,118,3,999,0,1.4,93.91799999999999,-42.7,4.957,5228.1,0,3400,1,1,2,0,0,2,0,3,0,1
44,124,2,999,0,1.4,94.465,-41.8,4.8660000000000005,5228.1,0,2227,3,1,0,1,0,0,1,4,2,1
26,120,6,999,0,1.4,94.465,-41.8,4.947,5228.1,0,3621,0,1,3,0,0,0,1,4,0,1
37,144,1,999,0,1.4,93.91799999999999,-42.7,4.961,5228.1,0,1992,9,1,5,1,2,2,0,3,3,1
39,575,2,999,0,1.1,93.994,-36.4,4.8580000000000005,5191.0,0,591,9,1,5,0,1,1,1,6,4,1
54,9,5,999,0,1.4,93.91799999999999,-42.7,4.968,5228.1,0,331,0,1,6,0,0,0,0,3,2,1
61,102,2,999,1,-1.8,93.369,-34.8,0.649,5008.7,0,1453,6,0,6,0,0,0,0,5,0,0
25,115,1,999,1,-3.4,92.431,-26.9,0.7390000000000001,5017.5,1,4090,0,2,6,0,2,2,0,8,0,0
32,131,3,999,0,1.4,94.465,-41.8,4.8660000000000005,5228.1,0,2225,7,2,1,0,1,1,1,4,2,1
36,91,2,999,0,1.4,93.444,-36.1,4.963,5228.1,0,3872,0,1,3,0,0,0,0,1,1,1
54,71,4,999,0,1.4,94.465,-41.8,4.96,5228.1,0,828,9,1,6,1,0,0,1,4,1,1
43,67,1,999,0,1.1,93.994,-36.4,4.855,5191.0,0,1319,0,1,3,0,2,0,1,6,2,1
28,267,10,999,0,1.4,94.465,-41.8,4.865,5228.1,0,1907,0,1,3,0,2,0,1,4,1,1
51,91,7,999,0,1.1,93.994,-36.4,4.859,5191.0,0,347,6,1,0,1,0,2,1,6,4,1
29,181,2,999,0,1.4,93.444,-36.1,4.967,5228.1,0,131,4,1,6,0,0,2,0,1,4,1
31,162,1,999,0,1.1,93.994,-36.4,4.857,5191.0,0,3345,0,2,6,0,0,0,1,6,0,1
26,235,1,999,1,-1.7,94.215,-40.3,0.893,4991.6,0,1353,8,2,3,0,0,0,0,3,3,0
41,604,1,999,0,-0.1,93.2,-42.0,4.0760000000000005,5195.8,0,3029,1,1,0,0,0,0,0,7,2,1
40,275,1,999,0,-1.8,93.075,-47.1,1.466,5099.1,0,3967,7,2,3,0,0,0,0,0,1,1
49,155,2,999,0,1.4,93.444,-36.1,4.9639999999999995,5228.1,0,373,10,1,0,0,2,0,0,1,4,1
38,226,1,999,0,1.4,93.91799999999999,-42.7,4.963,5228.1,0,2632,1,1,1,0,2,0,1,3,4,1
29,22,8,999,0,1.4,93.91799999999999,-42.7,4.968,5228.1,0,2138,6,2,6,0,2,2,0,3,2,1
43,261,1,999,0,1.4,93.91799999999999,-42.7,4.961,5228.1,0,211,2,1,6,1,2,0,0,3,3,1
35,322,3,999,0,-1.8,92.89299999999999,-46.2,1.27,5099.1,0,379,0,1,6,0,0,0,0,6,2,1
29,57,1,999,0,-0.1,93.2,-42.0,4.0760000000000005,5195.8,0,3658,9,2,6,0,0,2,0,7,2,1
27,404,2,999,0,1.4,94.465,-41.8,4.864,5228.1,0,267,10,2,6,0,0,0,1,4,4,1
43,179,1,999,0,-0.1,93.2,-42.0,4.191,5195.8,0,2134,4,1,6,0,0,0,0,7,1,1
40,117,1,999,0,1.4,93.444,-36.1,4.966,5228.1,0,847,0,1,6,0,2,2,0,1,3,1
36,1590,2,999,0,1.1,93.994,-36.4,4.857,5191.0,0,4060,7,1,3,0,0,2,1,6,3,1
25,234,1,999,0,1.4,93.91799999999999,-42.7,4.963,5228.1,0,2079,9,2,5,0,2,0,0,3,2,1
45,323,1,999,0,1.4,93.91799999999999,-42.7,4.963,5228.1,0,1462,1,0,3,1,0,0,0,3,2,1
43,246,2,999,0,1.4,94.465,-41.8,4.8660000000000005,5228.1,0,3707,1,1,2,0,0,0,1,4,2,1
29,215,1,999,0,-0.1,93.2,-42.0,4.021,5195.8,0,1128,9,2,5,0,2,2,0,7,0,1
30,82,6,999,0,-1.8,93.075,-47.1,1.483,5099.1,0,1218,0,1,6,0,2,2,0,0,2,1
41,159,1,999,0,1.4,93.91799999999999,-42.7,4.963,5228.1,0,3094,1,0,1,0,0,0,0,3,0,1
31,102,4,999,0,1.1,93.994,-36.4,4.86,5191.0,0,1243,0,1,6,0,2,0,1,6,2,1
50,184,1,999,0,1.1,93.994,-36.4,4.855,5191.0,0,3189,1,2,2,1,2,2,1,6,2,1
34,63,1,999,0,-1.8,92.89299999999999,-46.2,1.281,5099.1,0,2054,9,2,3,0,0,0,0,6,4,1
38,363,2,10,1,-1.8,92.84299999999999,-50.0,1.726,5099.1,1,3520,9,1,5,0,2,0,0,5,0,2
45,122,1,999,0,1.1,93.994,-36.4,4.856,5191.0,0,3914,9,1,6,1,2,0,1,6,3,1
42,246,1,999,0,-2.9,92.20100000000001,-31.4,0.879,5076.2,0,3172,9,1,5,0,2,0,0,1,4,1
47,193,1,999,0,-3.4,92.649,-30.1,0.72,5017.5,0,3388,0,2,6,0,0,0,0,7,3,1
45,307,1,999,0,1.4,93.91799999999999,-42.7,4.962,5228.1,0,3412,7,1,5,0,2,2,0,3,1,1
39,281,2,999,1,-0.1,93.2,-42.0,4.0760000000000005,5195.8,0,2467,1,1,2,0,0,0,1,7,2,0
29,553,2,999,0,-1.8,92.89299999999999,-46.2,1.3130000000000002,5099.1,0,15,0,2,3,0,0,0,0,6,0,1
54,204,1,999,1,-2.9,92.20100000000001,-31.4,0.8490000000000001,5076.2,1,625,0,1,6,0,2,2,0,1,0,0
49,97,3,999,0,1.4,93.91799999999999,-42.7,4.96,5228.1,0,3669,0,1,6,1,0,0,0,3,1,1
27,429,2,999,0,-2.9,92.20100000000001,-31.4,0.879,5076.2,1,1654,0,2,6,0,2,0,0,1,4,1
53,126,1,999,0,-0.1,93.2,-42.0,4.191,5195.8,0,1298,10,1,6,0,1,1,0,7,1,1
30,31,2,999,0,1.4,93.91799999999999,-42.7,4.963,5228.1,0,603,9,1,6,0,2,0,1,3,4,1
35,376,2,999,1,-1.8,92.89299999999999,-46.2,1.334,5099.1,0,3343,0,1,6,0,2,0,0,6,4,0
54,148,1,999,0,1.4,93.91799999999999,-42.7,4.962,5228.1,0,2394,5,1,2,0,2,0,0,3,2,1
50,367,1,999,0,1.4,93.91799999999999,-42.7,4.962,5228.1,0,617,9,1,6,0,2,0,0,3,0,1
52,293,3,999,0,1.4,93.444,-36.1,4.966,5228.1,0,2713,5,1,3,0,2,0,0,1,0,1
52,403,1,6,1,-1.8,93.749,-34.6,0.654,5008.7,1,63,0,1,7,0,2,0,1,0,4,2
41,679,2,999,0,1.1,93.994,-36.4,4.857,5191.0,1,1088,7,1,3,1,2,0,1,6,1,1
43,166,3,999,1,-0.1,93.2,-42.0,4.1530000000000005,5195.8,0,2479,9,1,5,0,2,0,0,7,3,0
48,87,1,999,0,1.4,94.465,-41.8,4.864,5228.1,0,270,3,1,3,0,0,0,1,4,3,1
53,706,1,999,0,1.4,94.465,-41.8,4.959,5228.1,1,140,1,0,0,0,0,0,1,4,4,1
30,288,1,999,0,-0.1,93.2,-42.0,4.1530000000000005,5195.8,0,278,0,2,6,0,2,0,0,7,3,1
29,83,4,999,0,-0.1,93.2,-42.0,4.021,5195.8,0,3849,4,1,6,0,0,0,0,7,0,1
35,114,2,999,0,-0.1,93.2,-42.0,4.1530000000000005,5195.8,0,2815,7,2,5,1,2,0,0,7,3,1
43,377,1,999,0,1.4,93.91799999999999,-42.7,4.962,5228.1,0,712,0,1,6,0,2,2,1,3,3,1
43,135,1,999,0,1.4,93.91799999999999,-42.7,4.961,5228.1,0,2057,7,1,6,0,2,0,0,3,3,1
33,365,1,999,0,1.1,93.994,-36.4,4.855,5191.0,0,3844,1,0,1,1,2,0,1,6,2,1
37,374,1,999,0,1.1,93.994,-36.4,4.856,5191.0,0,139,9,0,5,0,0,0,1,6,4,1
29,873,2,999,0,1.4,93.91799999999999,-42.7,4.957,5228.1,1,1913,0,2,6,0,0,0,0,3,4,1
31,16,35,999,0,1.4,93.91799999999999,-42.7,4.968,5228.1,0,2553,7,2,3,0,0,0,0,3,2,1
33,118,3,999,0,1.4,93.444,-36.1,4.963,5228.1,0,2392,0,1,6,0,2,0,0,1,3,1
46,64,3,999,0,-0.1,93.2,-42.0,4.191,5195.8,0,1602,9,1,5,0,0,0,0,7,1,1
37,128,2,999,0,1.1,93.994,-36.4,4.856,5191.0,0,2969,1,1,5,1,0,0,1,6,3,1
46,630,2,999,0,1.4,93.91799999999999,-42.7,4.962,5228.1,0,2795,7,1,2,0,0,0,0,3,3,1
29,142,2,999,0,1.4,93.444,-36.1,4.966,5228.1,0,791,0,2,6,1,2,0,0,1,0,1
51,142,1,999,1,-1.8,92.89299999999999,-46.2,1.344,5099.1,0,1520,0,1,0,1,0,0,0,6,3,0
41,12,13,999,0,1.4,93.444,-36.1,4.962,5228.1,0,3932,0,1,6,0,0,0,0,1,2,1
58,528,1,999,0,1.4,93.444,-36.1,4.966,5228.1,0,4118,0,1,3,0,0,0,0,1,0,1
28,129,1,999,0,1.1,93.994,-36.4,4.86,5191.0,0,3101,9,2,6,0,2,0,1,6,2,1
39,160,3,999,0,1.1,93.994,-36.4,4.857,5191.0,0,3559,0,1,6,0,0,0,1,6,3,1
30,150,10,999,0,1.4,93.91799999999999,-42.7,4.963,5228.1,0,2231,6,1,6,0,2,0,1,3,2,1
30,93,4,999,0,1.4,93.444,-36.1,4.968,5228.1,0,2162,9,2,5,0,2,0,0,1,2,1
33,46,1,999,0,1.4,94.465,-41.8,4.864,5228.1,0,2028,9,1,5,0,0,2,1,4,3,1
55,632,2,999,0,1.4,93.91799999999999,-42.7,4.962,5228.1,0,3319,5,1,1,1,2,2,0,3,3,1
31,91,1,999,0,1.4,93.444,-36.1,4.963,5228.1,0,1045,10,1,6,0,0,0,0,1,3,1
27,156,2,999,0,-1.8,93.075,-47.1,1.405,5099.1,1,3944,0,2,6,0,2,0,0,0,0,1
56,171,1,999,0,1.1,93.994,-36.4,4.8580000000000005,5191.0,0,729,4,1,6,0,0,2,1,6,4,1
31,154,1,999,0,-0.1,93.79799999999999,-40.4,4.794,5195.8,1,484,9,2,6,0,0,0,1,8,2,1
27,223,1,999,0,-1.8,92.89299999999999,-46.2,1.266,5099.1,0,4057,7,1,6,0,0,0,0,6,3,1
59,258,1,999,0,1.4,93.444,-36.1,4.963,5228.1,0,3762,1,1,0,0,2,0,0,1,3,1
30,178,2,999,0,1.4,93.444,-36.1,4.9639999999999995,5228.1,0,2370,9,2,5,0,2,0,0,1,4,1
43,75,1,999,0,-2.9,92.20100000000001,-31.4,0.861,5076.2,0,910,4,1,6,0,0,0,0,1,1,1
22,106,1,999,0,1.4,93.91799999999999,-42.7,4.957,5228.1,0,2287,1,2,2,0,0,0,0,3,0,1
36,355,1,999,0,-3.4,92.37899999999999,-29.8,0.773,5017.5,0,252,0,1,6,0,2,0,0,9,0,1
48,170,1,999,0,-1.8,92.89299999999999,-46.2,1.334,5099.1,0,3312,1,1,0,0,0,2,0,6,4,1
40,257,1,999,0,1.4,93.444,-36.1,4.965,5228.1,0,150,0,0,6,0,2,0,0,1,1,1
52,147,1,999,0,-0.1,93.2,-42.0,4.191,5195.8,0,3582,5,1,6,0,0,0,0,7,1,1
43,329,2,999,0,1.1,93.994,-36.4,4.857,5191.0,0,529,11,1,3,1,2,2,1,6,1,1
42,77,3,999,0,-0.1,93.2,-42.0,4.0760000000000005,5195.8,0,1297,6,1,3,1,2,0,0,7,2,1
33,139,2,999,0,1.1,93.994,-36.4,4.86,5191.0,0,703,0,1,6,0,2,0,1,6,2,1
49,128,8,999,0,1.4,93.444,-36.1,4.966,5228.1,0,1949,5,0,5,0,2,2,1,1,3,1
41,463,1,999,0,-1.8,93.075,-47.1,1.453,5099.1,1,3866,0,1,6,0,0,0,0,0,3,1
33,169,3,999,0,1.4,94.465,-41.8,4.8660000000000005,5228.1,0,3170,6,2,6,0,1,1,1,4,2,1
27,104,1,6,1,-1.8,93.369,-34.8,0.652,5008.7,1,2264,7,2,6,0,2,0,0,5,1,2
43,99,3,999,0,1.4,94.465,-41.8,4.961,5228.1,0,1678,9,0,5,0,2,0,1,4,1,1
42,38,8,999,0,1.4,94.465,-41.8,4.959,5228.1,0,192,3,1,0,1,2,0,1,4,0,1
32,140,1,999,0,1.4,94.465,-41.8,4.96,5228.1,0,2016,1,1,3,0,0,2,1,4,1,1
45,980,2,999,0,-0.1,93.2,-42.0,4.021,5195.8,1,3945,0,0,3,0,2,0,0,7,0,1
28,120,3,999,0,-1.8,92.84299999999999,-50.0,1.811,5099.1,1,3694,9,2,6,0,2,0,0,5,1,1
31,141,2,999,0,1.4,93.91799999999999,-42.7,4.959,5228.1,0,1455,9,2,5,0,0,0,1,3,0,1
39,169,4,999,0,1.4,93.444,-36.1,4.9639999999999995,5228.1,0,2098,0,1,6,0,2,0,0,1,0,1
53,384,1,999,0,-3.4,92.37899999999999,-29.8,0.8029999999999999,5017.5,0,1922,9,1,5,0,2,0,1,9,0,1
51,139,1,999,0,1.4,93.91799999999999,-42.7,4.962,5228.1,0,3177,1,1,0,1,2,0,1,3,4,1
24,114,1,999,0,1.4,93.91799999999999,-42.7,4.961,5228.1,0,779,8,1,6,0,0,0,0,3,3,1
28,203,1,999,0,1.4,93.91799999999999,-42.7,4.956,5228.1,0,1889,10,2,3,0,2,0,1,3,4,1
32,168,1,999,0,1.4,93.91799999999999,-42.7,4.963,5228.1,0,1894,7,2,2,0,0,0,0,3,4,1
66,210,1,999,0,-1.8,92.89299999999999,-46.2,1.2590000000000001,5099.1,0,1802,3,1,3,0,2,0,0,6,0,1
32,168,1,999,0,1.4,93.444,-36.1,4.965,5228.1,0,155,9,2,6,0,2,0,0,1,4,1
44,262,4,999,0,1.4,93.444,-36.1,4.966,5228.1,0,3026,0,1,3,1,0,0,0,1,0,1
35,103,3,999,0,1.1,93.994,-36.4,4.856,5191.0,0,4007,9,1,5,0,0,0,1,6,3,1
41,204,2,999,0,-1.8,92.89299999999999,-46.2,1.27,5099.1,0,1545,9,1,5,0,2,2,0,6,4,1
35,14,1,999,0,1.4,93.91799999999999,-42.7,4.957,5228.1,0,3321,0,2,6,0,0,0,0,3,0,1
35,234,13,999,0,1.1,93.994,-36.4,4.8580000000000005,5191.0,0,1387,0,2,6,0,0,0,1,6,1,1
31,111,2,999,0,-0.1,93.2,-42.0,4.0760000000000005,5195.8,0,1774,1,2,0,0,2,0,0,7,2,1
33,31,1,999,0,1.4,93.91799999999999,-42.7,4.96,5228.1,0,951,0,2,3,0,0,0,0,3,1,1
29,79,2,999,0,-1.8,92.89299999999999,-46.2,1.2990000000000002,5099.1,0,48,0,2,2,0,0,0,0,6,1,1
28,329,1,999,0,1.1,93.994,-36.4,4.8580000000000005,5191.0,0,2187,1,1,2,0,0,2,1,6,1,1
33,191,4,999,0,1.1,93.994,-36.4,4.86,5191.0,0,301,9,1,5,0,0,0,1,6,2,1
30,244,3,999,0,-1.8,93.075,-47.1,1.415,5099.1,0,3980,4,2,6,0,0,0,0,0,4,1
47,190,1,999,0,1.1,93.994,-36.4,4.857,5191.0,0,588,4,1,0,1,0,0,1,6,0,1
44,81,3,999,0,-1.8,93.075,-47.1,1.405,5099.1,0,2171,1,1,2,1,2,0,0,0,1,1
34,42,7,999,0,-0.1,93.2,-42.0,4.0760000000000005,5195.8,0,820,9,1,5,0,2,2,0,7,2,1
37,31,7,999,1,-1.8,92.89299999999999,-46.2,1.281,5099.1,0,1585,0,0,6,1,2,0,0,6,4,0
30,243,1,999,0,1.4,93.444,-36.1,4.97,5228.1,0,2127,0,1,6,0,0,0,0,1,1,1
27,152,2,999,0,1.1,93.994,-36.4,4.857,5191.0,0,3795,1,1,2,0,2,2,1,6,0,1
38,193,1,999,0,1.1,93.994,-36.4,4.86,5191.0,0,1475,7,2,2,0,2,0,1,6,2,1
45,38,2,999,0,1.4,93.444,-36.1,4.965,5228.1,0,19,2,1,6,1,2,2,0,1,1,1
36,250,8,999,0,1.4,94.465,-41.8,4.947,5228.1,0,1568,1,2,0,0,2,0,1,4,0,1
39,219,3,999,0,-0.1,93.2,-42.0,4.1530000000000005,5195.8,0,4012,7,1,2,0,2,0,0,7,3,1
34,409,4,999,0,1.4,94.465,-41.8,4.865,5228.1,0,2775,10,2,6,0,0,0,1,4,1,1
34,77,4,999,0,-1.8,92.89299999999999,-46.2,1.281,5099.1,0,74,4,1,6,0,2,0,0,6,4,1
30,83,1,999,2,-2.9,92.20100000000001,-31.4,0.8809999999999999,5076.2,0,2525,0,2,6,0,2,0,0,1,0,0
34,35,3,999,0,-1.8,92.89299999999999,-46.2,1.327,5099.1,0,1307,9,1,5,0,1,1,0,6,2,1
25,72,2,999,1,-1.8,92.89299999999999,-46.2,1.25,5099.1,0,2841,1,2,2,0,0,0,0,6,0,0
27,128,1,3,1,-1.8,93.369,-34.8,0.637,5008.7,1,179,0,2,7,0,0,0,0,5,3,2
51,398,2,999,1,-1.8,92.89299999999999,-46.2,1.344,5099.1,0,1067,7,0,3,1,0,0,0,6,3,0
42,136,4,999,0,1.4,93.91799999999999,-42.7,4.96,5228.1,0,212,7,1,3,1,2,0,0,3,1,1
62,112,1,999,0,-1.8,92.89299999999999,-46.2,1.264,5099.1,0,2161,5,2,6,0,2,2,0,6,1,1
32,162,4,999,1,-1.8,92.89299999999999,-46.2,1.266,5099.1,0,1481,4,2,6,0,0,0,0,6,2,0
37,222,1,2,1,-1.8,92.89299999999999,-46.2,1.266,5099.1,0,1116,2,2,2,0,2,0,0,6,3,2
30,215,1,999,0,1.4,93.444,-36.1,4.9639999999999995,5228.1,0,3452,9,2,6,0,2,0,0,1,4,1
45,76,3,999,0,1.4,93.444,-36.1,4.963,5228.1,0,3608,3,1,0,0,0,0,0,1,2,1
43,122,2,999,0,1.4,93.91799999999999,-42.7,4.962,5228.1,0,2314,7,0,3,0,0,0,0,3,1,1
49,354,1,999,0,-1.8,92.89299999999999,-46.2,1.291,5099.1,0,2437,1,1,1,1,0,2,0,6,3,1
37,227,9,999,0,1.1,93.994,-36.4,4.856,5191.0,0,2546,7,2,3,0,2,0,1,6,3,1
52,362,2,999,0,1.4,93.444,-36.1,4.966,5228.1,0,1790,1,1,0,0,2,0,0,1,0,1
53,27,1,999,0,1.1,93.994,-36.4,4.857,5191.0,0,2150,0,2,1,0,2,0,1,6,3,1
40,162,1,999,0,1.4,94.465,-41.8,4.947,5228.1,0,3352,4,1,2,0,2,2,1,4,0,1
53,159,2,3,1,-2.9,92.20100000000001,-31.4,0.838,5076.2,0,3811,0,0,3,0,2,0,0,1,3,2
50,90,1,999,0,-0.1,93.2,-42.0,4.1530000000000005,5195.8,0,2722,7,1,3,0,2,0,0,7,3,1
48,67,7,999,0,-1.8,92.89299999999999,-46.2,1.266,5099.1,0,2364,7,0,2,0,1,1,0,6,2,1
47,162,1,999,0,1.1,93.994,-36.4,4.856,5191.0,0,1150,1,2,0,1,2,0,1,6,4,1
46,423,1,999,0,1.1,93.994,-36.4,4.856,5191.0,0,202,0,0,2,1,0,0,1,6,4,1
59,293,1,999,0,1.1,93.994,-36.4,4.857,5191.0,0,2457,1,1,0,1,0,0,1,6,1,1
29,106,1,999,1,-1.8,92.89299999999999,-46.2,1.2990000000000002,5099.1,0,3705,0,1,3,0,2,0,0,6,1,0
32,106,1,999,0,1.4,93.444,-36.1,4.9639999999999995,5228.1,0,1768,4,1,6,0,2,0,0,1,2,1
29,104,2,999,0,1.4,93.91799999999999,-42.7,4.962,5228.1,0,3040,1,1,2,0,2,0,0,3,1,1
36,170,4,999,0,1.1,93.994,-36.4,4.864,5191.0,0,684,4,1,6,0,2,0,1,6,0,1
58,214,1,999,0,1.4,93.444,-36.1,4.968,5228.1,0,3668,0,1,3,0,0,0,0,1,2,1
29,411,1,999,0,1.4,94.465,-41.8,4.961,5228.1,0,1064,1,2,2,0,0,0,1,4,1,1
47,149,2,999,0,1.4,93.91799999999999,-42.7,4.961,5228.1,0,1065,7,0,0,0,0,0,0,3,3,1
33,49,1,999,0,1.4,93.444,-36.1,4.962,5228.1,0,2181,0,0,6,0,0,0,0,1,2,1
31,157,5,999,0,1.1,93.994,-36.4,4.857,5191.0,0,1759,9,1,5,0,0,0,1,6,1,1
40,171,4,999,0,1.1,93.994,-36.4,4.86,5191.0,0,148,9,1,2,1,0,2,1,6,2,1
49,30,1,999,0,-0.1,93.2,-42.0,4.0760000000000005,5195.8,0,2983,9,0,6,0,2,0,1,7,2,1
36,90,4,999,0,1.4,94.465,-41.8,4.865,5228.1,0,563,9,0,5,1,0,0,1,4,1,1
40,192,5,999,0,1.4,93.91799999999999,-42.7,4.963,5228.1,0,2660,0,0,6,0,0,0,1,3,4,1
44,107,1,999,0,-0.1,93.2,-42.0,4.0760000000000005,5195.8,0,2780,1,1,0,0,0,0,0,7,2,1
30,501,2,999,0,1.4,93.91799999999999,-42.7,4.966,5228.1,0,731,9,1,5,0,2,0,1,3,2,1
33,390,3,999,0,-1.8,92.89299999999999,-46.2,1.354,5099.1,0,2691,9,1,5,0,2,0,1,6,1,1
26,232,1,999,0,-1.8,92.89299999999999,-46.2,1.291,5099.1,0,2007,1,1,0,0,0,0,0,6,3,1
31,463,1,999,0,-0.1,93.2,-42.0,4.0760000000000005,5195.8,0,4114,0,2,6,0,2,0,0,7,2,1
30,177,1,999,0,1.1,93.994,-36.4,4.86,5191.0,0,523,7,0,2,0,0,0,1,6,2,1
57,145,1,999,0,-1.8,92.89299999999999,-46.2,1.344,5099.1,0,1807,1,1,0,0,2,0,0,6,3,1
45,390,5,999,0,1.4,93.444,-36.1,4.965,5228.1,0,3089,0,0,6,0,2,0,0,1,1,1
47,187,2,999,0,-0.1,93.2,-42.0,4.1530000000000005,5195.8,0,194,7,2,2,0,0,0,0,7,3,1
26,213,4,999,0,1.1,93.994,-36.4,4.855,5191.0,0,3534,1,2,3,0,0,0,1,6,0,1
38,61,1,999,0,-0.1,93.2,-42.0,4.1530000000000005,5195.8,0,1574,4,1,6,0,0,0,0,7,3,1
27,81,4,999,0,1.4,93.91799999999999,-42.7,4.961,5228.1,0,2387,1,2,7,0,1,1,0,3,3,1
22,270,1,999,0,1.1,93.994,-36.4,4.856,5191.0,0,3660,1,2,1,1,1,1,1,6,3,1
32,712,1,3,2,-2.9,92.963,-40.8,1.262,5076.2,1,3456,0,1,6,0,2,0,0,4,3,0
31,96,2,999,0,1.4,93.91799999999999,-42.7,4.962,5228.1,0,2216,0,2,3,0,0,0,0,3,4,1
35,106,1,999,0,-0.1,93.2,-42.0,4.1530000000000005,5195.8,0,1348,0,2,3,0,2,0,0,7,3,1
35,633,2,999,0,-0.1,93.2,-42.0,4.0760000000000005,5195.8,0,3199,0,2,6,0,2,0,0,7,2,1
32,175,1,999,0,1.1,93.994,-36.4,4.857,5191.0,0,1103,0,1,6,0,2,2,1,6,1,1
29,112,5,999,0,1.4,93.444,-36.1,4.963,5228.1,0,2671,0,2,6,0,2,0,0,1,3,1
30,1357,4,999,1,-1.8,92.89299999999999,-46.2,1.25,5099.1,1,3032,1,1,5,0,0,0,0,6,0,0
35,197,1,3,1,-0.1,93.2,-42.0,4.12,5195.8,0,995,6,2,6,0,0,2,0,7,4,2
28,225,1,999,1,-1.8,92.89299999999999,-46.2,1.266,5099.1,0,298,1,2,2,0,2,0,0,6,2,0
32,322,1,999,0,1.4,93.444,-36.1,4.9639999999999995,5228.1,0,1766,9,2,6,1,2,0,0,1,4,1
58,64,1,999,1,-0.1,93.2,-42.0,4.1530000000000005,5195.8,0,196,1,1,2,0,0,0,0,7,3,0
61,165,2,999,0,-1.8,93.749,-34.6,0.659,5008.7,0,1901,5,1,2,0,0,0,0,0,2,1
38,456,1,999,0,1.4,93.91799999999999,-42.7,4.963,5228.1,0,1323,1,1,1,1,0,0,0,3,2,1
58,307,1,999,0,1.4,93.91799999999999,-42.7,4.961,5228.1,0,3186,5,1,0,1,0,0,0,3,3,1
32,78,1,999,0,1.4,94.465,-41.8,4.961,5228.1,0,1730,1,1,2,0,0,0,1,4,1,1
36,168,5,999,1,-1.8,92.89299999999999,-46.2,1.291,5099.1,0,2916,0,2,6,0,0,0,1,6,3,0
54,187,2,999,0,-3.4,92.431,-26.9,0.7390000000000001,5017.5,0,2519,3,1,5,0,0,0,1,8,1,1
25,712,2,19,1,-1.1,94.76700000000001,-50.8,1.04,4963.6,1,3108,9,2,5,0,2,0,0,7,0,2
26,369,1,999,0,1.4,93.91799999999999,-42.7,4.96,5228.1,0,1628,1,2,2,0,2,0,0,3,1,1
37,267,3,999,0,1.4,94.465,-41.8,4.864,5228.1,0,2006,9,1,3,0,2,0,1,4,3,1
28,208,1,999,0,1.1,93.994,-36.4,4.857,5191.0,0,3184,8,2,6,1,2,0,1,6,1,1
35,49,3,999,0,-0.1,93.2,-42.0,4.191,5195.8,0,585,0,0,3,0,0,0,0,7,1,1
52,127,2,999,0,-0.1,93.2,-42.0,4.021,5195.8,0,2759,0,0,3,0,2,0,0,7,0,1
47,72,6,6,1,-1.8,92.89299999999999,-46.2,1.3130000000000002,5099.1,0,2555,1,1,3,0,2,2,1,6,0,2
56,62,2,999,1,-0.1,93.2,-42.0,4.021,5195.8,0,2702,4,1,2,0,2,2,0,7,0,0
47,313,1,999,0,1.1,93.994,-36.4,4.857,5191.0,0,962,7,0,3,0,2,0,1,6,3,1
53,172,2,999,0,1.1,93.994,-36.4,4.86,5191.0,0,3459,0,0,6,0,2,2,1,6,2,1
35,91,2,999,0,1.1,93.994,-36.4,4.855,5191.0,0,3105,0,1,3,0,0,0,1,6,0,1
48,291,1,999,0,1.4,94.465,-41.8,4.864,5228.1,0,444,1,1,0,0,0,2,1,4,3,1
41,234,1,999,2,-1.8,92.89299999999999,-46.2,1.344,5099.1,0,2429,1,1,0,0,2,0,0,6,3,0
29,1143,4,999,0,-1.8,92.89299999999999,-46.2,1.2990000000000002,5099.1,0,983,8,2,7,0,0,0,1,6,1,1
52,167,1,10,4,-2.9,92.20100000000001,-31.4,0.883,5076.2,1,1097,4,1,3,0,2,2,0,1,3,0
38,172,3,999,0,-1.8,92.89299999999999,-46.2,1.281,5099.1,0,510,4,1,6,0,2,0,0,6,4,1
78,1148,1,999,0,-1.7,94.215,-40.3,0.87,4991.6,1,1541,5,1,0,0,0,0,0,3,1,1
71,120,1,6,1,-3.4,92.431,-26.9,0.728,5017.5,0,1258,5,1,0,0,2,2,0,8,3,2
39,50,1,999,0,1.4,93.444,-36.1,4.967,5228.1,0,1876,9,2,6,0,0,0,0,1,4,1
57,81,1,999,1,-1.8,93.075,-47.1,1.365,5099.1,0,1698,5,1,6,0,0,0,0,0,2,0
23,9,6,999,0,-1.8,92.89299999999999,-46.2,1.266,5099.1,0,1201,3,2,0,0,0,2,0,6,2,1
54,134,1,999,0,-0.1,93.2,-42.0,4.1530000000000005,5195.8,0,860,2,1,5,0,2,2,0,7,3,1
39,128,1,999,0,1.4,93.91799999999999,-42.7,4.963,5228.1,0,3143,0,1,3,0,2,0,1,3,4,1
41,1203,2,999,1,-1.8,93.075,-47.1,1.479,5099.1,1,2543,0,1,1,0,0,0,0,0,0,0
33,166,3,6,2,-3.4,92.431,-26.9,0.74,5017.5,1,2481,0,2,6,0,2,0,1,8,2,2
46,251,3,999,0,1.4,93.91799999999999,-42.7,4.963,5228.1,0,3280,0,2,3,0,0,0,0,3,4,1
48,82,1,999,0,1.1,93.994,-36.4,4.856,5191.0,0,3447,0,1,3,0,0,0,1,6,3,1
25,322,2,999,0,1.4,93.91799999999999,-42.7,4.963,5228.1,0,3340,1,2,2,0,2,2,0,3,4,1
26,326,4,999,0,1.1,93.994,-36.4,4.86,5191.0,0,740,0,1,3,0,0,0,1,6,2,1
32,356,1,999,0,-0.1,93.2,-42.0,4.0760000000000005,5195.8,0,2448,2,1,3,0,2,0,0,7,2,1
59,422,3,999,0,1.1,93.994,-36.4,4.86,5191.0,0,945,5,1,5,0,0,0,1,6,2,1
43,339,3,999,0,1.1,93.994,-36.4,4.8580000000000005,5191.0,0,880,1,2,0,1,0,0,1,6,4,1
32,199,4,999,0,1.4,93.91799999999999,-42.7,4.961,5228.1,0,2130,1,2,1,1,1,1,0,3,3,1
56,143,2,999,0,1.4,94.465,-41.8,4.967,5228.1,0,514,1,1,2,1,0,0,1,4,0,1
40,222,2,999,0,1.1,93.994,-36.4,4.859,5191.0,0,3295,0,2,3,0,2,0,1,6,4,1
55,591,3,999,0,-0.1,93.2,-42.0,4.0760000000000005,5195.8,0,1186,0,1,7,0,2,2,0,7,2,1
54,265,2,999,1,-1.8,92.89299999999999,-46.2,1.334,5099.1,0,4011,4,0,6,0,2,2,0,6,4,0
45,105,1,999,0,1.1,93.994,-36.4,4.86,5191.0,0,643,3,0,6,0,2,0,1,6,2,1
50,82,2,999,0,1.4,94.465,-41.8,4.967,5228.1,0,2600,2,1,2,0,2,0,1,4,0,1
55,1298,1,999,0,1.4,93.91799999999999,-42.7,4.962,5228.1,1,3551,11,1,0,0,2,0,0,3,2,1
48,94,4,999,0,1.4,94.465,-41.8,4.967,5228.1,0,3696,0,0,6,0,0,0,1,4,0,1
31,210,2,999,0,-0.1,93.2,-42.0,4.0760000000000005,5195.8,0,2739,0,1,6,0,2,0,0,7,2,1
32,159,1,999,0,1.4,93.444,-36.1,4.9639999999999995,5228.1,0,1742,0,2,6,0,2,0,0,1,2,1
57,768,1,999,0,1.1,93.994,-36.4,4.856,5191.0,0,2557,5,1,6,0,2,0,1,6,3,1
44,182,1,999,0,-0.1,93.2,-42.0,4.1530000000000005,5195.8,0,2153,1,2,2,0,2,2,0,7,3,1
38,360,1,999,0,-1.8,93.075,-47.1,1.392,5099.1,1,133,0,0,6,0,0,0,0,0,1,1
35,690,1,999,0,-0.1,93.2,-42.0,4.191,5195.8,0,3662,0,1,6,0,2,0,0,7,1,1
44,165,6,999,0,1.1,93.994,-36.4,4.859,5191.0,0,351,0,1,6,1,0,0,1,6,0,1
48,360,1,6,1,-1.8,93.876,-40.0,0.682,5008.7,1,3188,10,1,5,0,0,0,1,6,4,2
37,8,2,999,0,1.1,93.994,-36.4,4.857,5191.0,0,2174,9,1,6,0,2,0,1,6,3,1
27,148,1,999,0,1.1,93.994,-36.4,4.857,5191.0,0,926,9,2,5,0,0,0,1,6,3,1
41,128,1,999,0,-1.8,92.89299999999999,-46.2,1.334,5099.1,0,1053,1,2,2,0,0,0,0,6,4,1
50,84,2,999,0,1.4,93.91799999999999,-42.7,4.958,5228.1,0,1904,1,1,7,1,0,0,0,3,2,1
24,211,1,999,0,-2.9,92.963,-40.8,1.262,5076.2,0,1466,9,2,5,0,2,0,0,4,3,1
32,126,1,999,0,-1.8,92.89299999999999,-46.2,1.244,5099.1,0,2074,7,1,3,1,2,0,0,6,1,1
28,478,2,999,0,1.1,93.994,-36.4,4.857,5191.0,0,3958,1,1,2,0,0,2,1,6,0,1
45,541,1,999,0,-1.8,93.075,-47.1,1.405,5099.1,1,2706,7,2,7,0,0,0,1,0,0,1
51,236,2,999,0,1.4,94.465,-41.8,4.961,5228.1,0,1968,7,1,3,0,0,0,1,4,3,1
32,73,7,999,0,1.1,93.994,-36.4,4.8580000000000005,5191.0,0,452,4,2,0,0,0,0,1,6,1,1
29,116,1,999,0,1.1,93.994,-36.4,4.86,5191.0,0,2034,6,1,6,0,0,0,1,6,2,1
29,347,1,999,0,1.4,94.465,-41.8,4.958,5228.1,0,2550,2,2,6,0,0,0,1,4,4,1
30,39,1,999,0,1.4,93.444,-36.1,4.97,5228.1,0,218,0,2,6,0,2,0,0,1,1,1
37,112,3,999,0,1.1,93.994,-36.4,4.855,5191.0,0,2797,1,1,5,0,2,0,1,6,2,1
41,147,1,999,0,-0.1,93.2,-42.0,4.0760000000000005,5195.8,0,117,4,0,1,0,2,0,0,7,2,1
46,293,2,999,0,-1.8,92.89299999999999,-46.2,1.327,5099.1,0,2772,4,1,6,0,2,0,0,6,2,1
45,225,2,999,0,1.4,93.91799999999999,-42.7,4.957,5228.1,0,3750,4,1,6,1,0,0,0,3,4,1
34,95,1,999,0,-1.8,92.89299999999999,-46.2,1.2990000000000002,5099.1,0,599,9,1,2,0,2,0,0,6,1,1
59,190,2,999,1,-1.8,92.89299999999999,-46.2,1.327,5099.1,0,3385,1,1,0,0,0,0,0,6,2,0
52,112,1,999,0,1.4,93.444,-36.1,4.966,5228.1,0,1878,3,1,1,0,2,0,0,1,3,1
68,383,3,999,0,-1.7,94.055,-39.8,0.754,4991.6,0,4077,5,1,0,1,2,0,0,4,1,1
56,267,1,999,0,1.1,93.994,-36.4,4.859,5191.0,0,2510,10,0,3,0,2,0,1,6,4,1
46,103,1,999,0,1.1,93.994,-36.4,4.857,5191.0,0,3472,4,1,6,0,0,0,1,6,1,1
30,531,1,999,1,-0.1,93.2,-42.0,4.0760000000000005,5195.8,1,2831,2,2,6,0,2,0,0,7,2,0
59,318,1,999,0,1.1,93.994,-36.4,4.857,5191.0,0,282,4,1,0,1,2,2,1,6,3,1
33,258,8,999,0,-1.8,93.075,-47.1,1.423,5099.1,0,976,4,1,6,1,2,2,0,0,3,1
44,218,1,999,0,-1.8,92.84299999999999,-50.0,1.757,5099.1,0,2454,4,1,1,0,2,2,0,5,2,1
30,617,2,999,0,-2.9,92.963,-40.8,1.26,5076.2,1,1943,0,2,6,0,2,0,0,4,4,1
56,311,5,999,0,1.1,93.994,-36.4,4.86,5191.0,0,886,7,0,3,1,0,0,1,6,2,1
50,122,3,999,0,1.4,93.444,-36.1,4.963,5228.1,0,128,0,1,2,1,2,0,0,1,2,1
24,222,1,17,4,-1.1,94.199,-37.5,0.8859999999999999,4963.6,0,3403,8,2,7,0,2,0,0,9,4,0
23,69,3,999,0,1.4,93.91799999999999,-42.7,4.96,5228.1,0,819,0,2,6,0,2,2,1,3,1,1
36,21,1,999,0,1.1,93.994,-36.4,4.856,5191.0,0,2763,0,1,3,1,0,0,1,6,3,1
36,360,2,999,0,1.1,93.994,-36.4,4.859,5191.0,0,1664,1,1,2,0,0,0,1,6,4,1
88,82,2,999,0,-1.8,92.84299999999999,-50.0,1.663,5099.1,0,1216,5,0,0,0,2,2,0,5,4,1
45,264,1,999,0,1.4,94.465,-41.8,4.967,5228.1,0,3547,10,1,0,0,2,2,1,4,0,1
52,115,1,999,1,-0.1,93.2,-42.0,4.021,5195.8,0,2372,10,1,6,0,0,0,0,7,0,0
34,40,7,999,0,1.4,93.91799999999999,-42.7,4.968,5228.1,0,1463,9,0,7,0,0,0,0,3,2,1
46,3253,1,999,0,-0.1,93.79799999999999,-40.4,5.045,5195.8,0,1547,0,0,3,0,2,0,1,8,0,1
31,138,2,999,0,1.4,93.444,-36.1,4.9639999999999995,5228.1,0,3018,0,2,6,0,2,0,0,1,4,1
42,454,3,999,0,1.1,93.994,-36.4,4.857,5191.0,0,1166,1,1,1,1,2,0,1,6,1,1
45,239,1,999,0,-1.8,92.89299999999999,-46.2,1.327,5099.1,0,132,4,1,6,0,2,0,0,6,2,1
34,207,1,999,1,-1.8,92.89299999999999,-46.2,1.334,5099.1,0,2023,0,0,6,0,0,0,0,6,4,0
37,109,11,999,0,1.4,93.444,-36.1,4.965,5228.1,0,2955,1,2,5,0,0,0,0,1,3,1
54,133,2,999,0,1.4,93.444,-36.1,4.963,5228.1,0,3282,3,1,0,0,2,0,0,1,3,1
27,96,2,999,0,-2.9,92.963,-40.8,1.268,5076.2,0,3865,0,2,6,0,0,0,0,4,0,1
24,15,1,999,0,1.4,93.91799999999999,-42.7,4.958,5228.1,0,304,0,2,3,1,2,0,1,3,2,1
24,39,17,999,0,1.4,93.91799999999999,-42.7,4.961,5228.1,0,3768,1,2,7,0,0,0,0,3,3,1
50,23,9,999,0,1.4,93.444,-36.1,4.965,5228.1,0,3650,0,0,6,0,2,0,0,1,3,1
36,247,1,999,0,1.1,93.994,-36.4,4.86,5191.0,0,3457,9,1,5,0,2,0,1,6,2,1
38,249,2,999,0,1.4,93.91799999999999,-42.7,4.961,5228.1,0,3126,9,2,5,0,2,0,0,3,3,1
32,51,1,999,0,-0.1,93.2,-42.0,4.0760000000000005,5195.8,0,1168,0,1,6,0,2,2,0,7,2,1
45,582,1,3,1,-1.8,92.89299999999999,-46.2,1.2590000000000001,5099.1,1,3824,0,2,6,0,0,0,0,6,0,2
33,21,1,999,0,1.1,93.994,-36.4,4.855,5191.0,0,682,4,1,6,0,0,0,1,6,0,1
26,223,2,999,0,1.4,94.465,-41.8,4.961,5228.1,0,2900,0,2,3,0,2,0,1,4,1,1
49,59,2,999,0,1.4,93.91799999999999,-42.7,4.963,5228.1,0,959,0,1,3,0,2,0,0,3,0,1
32,340,3,999,0,1.4,93.444,-36.1,4.965,5228.1,0,3164,0,2,6,0,2,0,0,1,1,1
43,218,3,999,0,1.1,93.994,-36.4,4.859,5191.0,0,705,1,1,1,0,0,0,1,6,0,1
52,106,1,999,0,1.4,93.444,-36.1,4.966,5228.1,0,2864,3,1,1,0,2,0,0,1,3,1
34,234,1,999,1,-1.8,93.075,-47.1,1.41,5099.1,0,2621,1,1,2,0,0,0,0,0,2,0
30,135,5,999,0,1.4,93.91799999999999,-42.7,4.961,5228.1,0,95,1,2,1,0,2,0,1,3,3,1
28,186,2,999,0,-1.8,92.84299999999999,-50.0,1.64,5099.1,0,3791,6,2,6,0,2,0,0,5,0,1
46,308,1,999,1,-0.1,93.2,-42.0,4.0760000000000005,5195.8,0,3678,0,1,3,0,2,0,0,7,2,0
44,111,1,999,0,1.4,93.444,-36.1,4.9639999999999995,5228.1,0,187,0,1,3,0,2,0,0,1,0,1
58,127,2,999,0,-1.8,92.89299999999999,-46.2,1.334,5099.1,0,515,1,2,2,0,2,0,0,6,4,1
57,171,10,999,0,1.1,93.994,-36.4,4.86,5191.0,0,3179,5,3,0,0,2,0,1,6,2,1
58,81,1,999,0,1.4,93.91799999999999,-42.7,4.961,5228.1,0,3957,5,1,0,0,0,0,0,3,3,1
32,314,1,999,0,1.1,93.994,-36.4,4.857,5191.0,0,1335,2,1,3,0,2,0,1,6,1,1
46,235,2,999,0,1.4,93.444,-36.1,4.963,5228.1,0,3764,9,1,5,1,0,0,0,1,3,1
54,224,3,999,0,1.1,93.994,-36.4,4.857,5191.0,0,4044,4,2,2,0,2,0,1,6,1,1
63,173,1,999,0,-2.9,92.20100000000001,-31.4,0.838,5076.2,0,1164,9,1,7,0,2,0,0,1,3,1
47,1152,3,999,0,1.4,93.444,-36.1,4.965,5228.1,1,2065,0,1,3,0,2,0,0,1,1,1
34,264,1,999,0,1.4,93.91799999999999,-42.7,4.96,5228.1,0,2898,4,2,3,0,0,0,0,3,1,1
35,87,1,999,0,1.1,93.994,-36.4,4.856,5191.0,0,1136,7,1,3,0,2,0,1,6,3,1
24,696,1,999,2,-2.9,92.963,-40.8,1.262,5076.2,0,500,11,2,6,0,2,2,0,4,3,0
41,31,1,999,0,1.4,94.465,-41.8,4.961,5228.1,0,2677,7,1,3,1,2,2,1,4,3,1
30,329,2,999,0,-0.1,93.2,-42.0,4.191,5195.8,0,1548,0,1,6,0,0,0,0,7,1,1
30,217,2,999,0,1.4,93.91799999999999,-42.7,4.963,5228.1,0,1425,4,1,6,0,2,0,0,3,4,1
38,403,2,999,0,-1.1,94.76700000000001,-50.8,1.03,4963.6,1,2201,3,0,6,0,0,0,0,7,4,1
31,125,2,999,0,-0.1,93.2,-42.0,4.12,5195.8,0,3428,1,2,0,0,0,2,0,7,4,1
61,403,1,3,2,-1.8,93.876,-40.0,0.695,5008.7,1,426,1,1,1,0,2,2,0,6,0,2
27,537,2,999,1,-2.9,92.469,-33.6,1.0290000000000001,5076.2,0,4051,8,2,3,0,0,2,0,3,4,0
47,129,3,999,2,-1.7,94.215,-40.3,0.8959999999999999,4991.6,0,1333,0,1,6,0,2,2,0,3,4,0
31,89,1,999,0,-0.1,93.2,-42.0,4.021,5195.8,0,2521,0,2,3,0,0,0,0,7,0,1
40,180,1,999,1,-0.1,93.2,-42.0,4.0760000000000005,5195.8,0,455,9,1,5,0,2,0,0,7,2,0
56,212,1,999,1,-0.1,93.2,-42.0,4.0760000000000005,5195.8,0,2708,3,0,0,0,2,0,0,7,2,0
29,105,2,999,0,-1.8,93.075,-47.1,1.41,5099.1,0,3470,7,2,2,1,2,0,0,0,2,1
25,54,3,999,0,1.4,94.465,-41.8,4.962,5228.1,0,2564,0,2,3,0,2,0,1,4,4,1
49,13,2,999,0,-0.1,93.2,-42.0,4.021,5195.8,0,1027,2,1,6,0,2,0,0,7,0,1
29,146,1,999,0,-1.8,92.89299999999999,-46.2,1.281,5099.1,0,2463,1,2,3,0,2,2,0,6,4,1
54,108,1,999,0,1.1,93.994,-36.4,4.855,5191.0,0,125,2,1,0,1,0,2,1,6,2,1
55,106,6,999,0,1.4,93.444,-36.1,4.965,5228.1,0,1203,4,1,6,0,0,0,0,1,1,1
33,24,10,999,0,1.4,93.444,-36.1,4.963,5228.1,0,1921,0,1,6,0,2,0,0,1,0,1
46,174,3,999,0,-1.8,92.89299999999999,-46.2,1.334,5099.1,0,1036,7,1,3,0,0,0,0,6,4,1
46,193,7,999,0,1.4,94.465,-41.8,4.967,5228.1,0,3822,0,1,6,0,2,0,1,4,0,1
30,132,1,999,0,1.4,93.444,-36.1,4.965,5228.1,0,3155,9,2,6,0,0,2,0,1,1,1
46,181,2,999,0,1.4,93.91799999999999,-42.7,4.96,5228.1,0,1118,7,1,3,0,2,0,0,3,1,1
30,72,3,999,0,1.1,93.994,-36.4,4.864,5191.0,0,2845,1,2,1,0,2,0,1,6,0,1
32,205,4,999,1,-3.0,92.713,-33.0,0.706,5023.5,1,3770,6,2,6,0,2,0,0,2,1,0
37,91,2,999,0,-2.9,92.469,-33.6,0.9440000000000001,5076.2,0,1527,7,1,3,0,2,0,0,3,1,1
31,704,4,999,0,1.4,94.465,-41.8,4.962,5228.1,1,2744,1,1,2,0,2,0,1,4,4,1
53,758,2,999,2,-1.8,93.749,-34.6,0.64,5008.7,1,1190,9,1,6,0,1,1,0,0,2,0
57,127,6,999,0,1.4,93.91799999999999,-42.7,4.962,5228.1,0,2827,0,1,5,0,1,1,0,3,1,1
38,258,1,999,0,1.4,94.465,-41.8,4.864,5228.1,0,2595,1,1,1,1,2,0,1,4,3,1
42,179,1,6,1,-3.0,92.713,-33.0,0.715,5023.5,1,706,7,1,6,0,0,0,0,2,4,2
55,56,1,999,1,-1.8,92.89299999999999,-46.2,1.3130000000000002,5099.1,0,336,2,0,6,1,0,0,0,6,0,0
54,461,2,999,1,-1.8,93.075,-47.1,1.41,5099.1,0,1181,2,0,7,0,0,2,0,0,2,0
35,170,1,999,0,1.1,93.994,-36.4,4.855,5191.0,0,10,1,1,2,1,0,0,1,6,2,1
32,19,1,999,0,1.4,94.465,-41.8,4.8660000000000005,5228.1,0,3726,3,1,1,1,0,0,1,4,2,1
32,281,1,999,0,1.4,94.465,-41.8,4.958,5228.1,0,2756,9,1,6,0,0,0,1,4,2,1
52,57,1,999,0,-1.8,92.89299999999999,-46.2,1.344,5099.1,0,1314,1,1,3,0,0,0,0,6,3,1
53,36,1,999,0,1.4,93.91799999999999,-42.7,4.968,5228.1,0,2078,1,1,0,1,0,2,0,3,2,1
38,479,1,999,0,1.4,93.444,-36.1,4.965,5228.1,1,26,9,1,5,0,2,0,0,1,1,1
33,686,4,999,0,1.4,93.444,-36.1,4.963,5228.1,1,234,0,2,6,0,2,0,0,1,2,1
35,358,1,999,0,-1.8,93.075,-47.1,1.365,5099.1,0,2093,0,2,6,0,2,2,0,0,2,1
31,650,1,999,0,1.1,93.994,-36.4,4.856,5191.0,0,3086,1,1,0,0,2,0,1,6,4,1
38,407,2,999,0,1.1,93.994,-36.4,4.857,5191.0,0,1252,9,1,5,1,0,0,1,6,1,1
25,420,1,1,1,-3.4,92.37899999999999,-29.8,0.809,5017.5,0,674,0,2,6,0,2,0,0,9,2,2
59,646,3,6,1,-3.0,92.713,-33.0,0.7,5023.5,0,2295,4,1,6,0,2,0,0,2,2,2
32,180,1,999,0,1.1,93.994,-36.4,4.859,5191.0,0,634,0,2,6,0,0,0,1,6,4,1
29,431,2,999,2,-2.9,92.963,-40.8,1.26,5076.2,1,1659,7,2,3,0,2,2,0,4,4,0
47,149,7,999,0,1.4,93.444,-36.1,4.965,5228.1,0,3360,1,0,0,0,2,0,0,1,1,1
34,252,4,999,0,1.4,93.91799999999999,-42.7,4.962,5228.1,0,3905,1,1,0,0,0,0,1,3,1,1
34,73,1,999,0,-1.8,93.075,-47.1,1.405,5099.1,0,671,3,0,6,0,2,2,0,0,0,1
48,16,6,999,0,-1.8,92.89299999999999,-46.2,1.281,5099.1,0,1561,0,0,7,0,2,0,0,6,4,1
41,177,4,999,0,1.1,93.994,-36.4,4.857,5191.0,0,3442,0,0,3,0,0,0,1,6,1,1
32,278,2,999,0,1.1,93.994,-36.4,4.864,5191.0,0,1923,1,1,5,0,0,0,1,6,0,1
36,163,2,999,1,-0.1,93.2,-42.0,4.1530000000000005,5195.8,0,1964,3,0,0,0,2,0,0,7,3,0
41,796,1,999,0,1.1,93.994,-36.4,4.857,5191.0,0,3005,6,1,6,0,2,0,1,6,1,1
32,21,3,999,0,1.1,93.994,-36.4,4.855,5191.0,0,2164,8,2,6,0,0,0,1,6,0,1
49,139,1,999,0,1.1,93.994,-36.4,4.8580000000000005,5191.0,0,2773,0,1,3,1,0,0,1,6,4,1
34,78,2,999,0,1.4,94.465,-41.8,4.967,5228.1,0,868,1,1,0,0,0,0,1,4,0,1
43,193,1,999,0,1.1,93.994,-36.4,4.857,5191.0,0,281,1,1,0,1,2,0,1,6,3,1
41,545,2,999,0,-1.1,94.76700000000001,-50.8,1.0390000000000001,4963.6,1,700,9,1,5,0,2,0,0,7,1,1
38,141,1,999,1,-1.8,93.369,-34.8,0.655,5008.7,1,2638,1,2,3,0,0,0,0,5,4,0
75,109,1,999,1,-1.8,93.075,-47.1,1.405,5099.1,1,129,5,1,0,0,0,0,0,0,3,0
32,236,3,999,0,-1.1,94.76700000000001,-50.8,1.03,4963.6,0,2868,0,1,6,0,2,0,0,7,4,1
29,107,2,999,0,-3.4,92.431,-26.9,0.735,5017.5,1,1617,1,2,2,0,0,2,0,8,4,1
44,151,1,999,0,-2.9,92.963,-40.8,1.26,5076.2,1,2645,7,1,7,0,0,2,0,4,1,1
29,182,2,999,0,-0.1,93.2,-42.0,4.12,5195.8,0,2960,9,2,5,0,2,2,0,7,4,1
33,519,2,999,2,-1.8,92.89299999999999,-46.2,1.334,5099.1,1,3171,9,2,5,0,2,0,0,6,4,0
55,139,2,999,1,-1.8,92.89299999999999,-46.2,1.291,5099.1,0,3997,0,1,3,1,2,0,0,6,3,0
41,293,2,999,0,1.1,93.994,-36.4,4.857,5191.0,0,314,0,0,3,0,0,0,1,6,3,1
42,326,1,999,0,1.1,93.994,-36.4,4.857,5191.0,0,3629,1,1,2,1,2,0,1,6,3,1
46,92,1,999,0,1.4,93.91799999999999,-42.7,4.968,5228.1,0,2800,7,1,3,0,0,0,0,3,2,1
33,63,1,999,0,-2.9,92.963,-40.8,1.26,5076.2,0,2789,4,0,6,0,2,0,0,4,4,1
27,150,4,999,0,1.4,93.91799999999999,-42.7,4.96,5228.1,0,724,0,2,6,0,2,2,0,3,1,1
47,95,4,999,0,1.4,93.444,-36.1,4.965,5228.1,0,1715,6,1,6,0,1,1,0,1,3,1
44,170,2,999,0,1.4,93.91799999999999,-42.7,4.963,5228.1,0,2199,2,0,0,0,0,0,0,3,0,1
44,228,2,999,0,1.4,93.91799999999999,-42.7,4.963,5228.1,0,914,9,2,6,0,0,2,0,3,0,1
41,92,1,999,0,1.1,93.994,-36.4,4.856,5191.0,0,198,9,1,5,0,0,0,1,6,3,1
28,502,3,999,0,1.4,93.91799999999999,-42.7,4.961,5228.1,0,1234,0,1,3,0,1,1,0,3,3,1
53,183,1,999,0,1.4,93.91799999999999,-42.7,4.961,5228.1,0,2603,0,2,7,1,0,0,0,3,3,1
36,324,5,999,0,1.4,94.465,-41.8,4.959,5228.1,0,1205,1,1,5,1,2,0,1,4,0,1
40,128,3,999,0,1.4,94.465,-41.8,4.865,5228.1,0,2554,1,2,2,0,2,0,1,4,1,1
51,59,2,999,0,1.4,93.444,-36.1,4.963,5228.1,0,3710,0,0,6,1,0,0,0,1,0,1
33,122,4,999,0,1.4,93.444,-36.1,4.963,5228.1,0,2041,9,2,5,0,2,0,0,1,1,1
66,525,1,21,2,-1.8,93.369,-34.8,0.655,5008.7,1,3527,5,1,5,0,0,2,0,5,3,0
47,2653,3,999,0,1.4,94.465,-41.8,4.967,5228.1,1,1393,0,0,6,0,2,0,1,4,0,1
53,75,1,999,0,1.4,94.465,-41.8,4.961,5228.1,0,1488,7,1,3,1,2,0,1,4,2,1
22,91,1,999,0,1.1,93.994,-36.4,4.8580000000000005,5191.0,0,1259,7,2,0,0,0,0,1,6,4,1
35,26,4,999,2,-1.8,93.075,-47.1,1.405,5099.1,0,1804,7,1,2,0,2,0,1,0,1,0
56,163,2,999,1,-0.1,93.2,-42.0,4.021,5195.8,0,3538,5,1,0,0,0,0,0,7,0,0
45,37,4,999,0,1.4,94.465,-41.8,4.959,5228.1,0,2854,4,1,2,0,2,0,1,4,0,1
58,846,1,999,0,1.4,93.444,-36.1,4.97,5228.1,1,264,1,1,2,0,2,0,0,1,1,1
36,28,2,999,0,-3.4,92.37899999999999,-29.8,0.8190000000000001,5017.5,0,2410,0,1,6,0,2,2,0,9,3,1
26,176,2,999,1,-2.9,92.20100000000001,-31.4,0.883,5076.2,1,3947,8,2,5,0,2,0,0,1,3,0
56,13,2,999,0,1.4,93.91799999999999,-42.7,4.968,5228.1,0,1472,9,0,6,1,0,2,0,3,2,1
24,61,3,999,0,-1.8,92.89299999999999,-46.2,1.244,5099.1,0,3574,1,2,2,0,2,0,0,6,1,1
29,266,2,999,0,1.1,93.994,-36.4,4.859,5191.0,0,297,0,2,6,0,2,2,1,6,4,1
29,231,2,999,0,-1.8,92.89299999999999,-46.2,1.281,5099.1,0,810,9,2,5,0,2,0,0,6,4,1
31,207,5,999,1,-0.1,93.2,-42.0,4.0760000000000005,5195.8,0,3975,9,2,5,0,2,0,0,7,2,0
37,261,1,999,0,-1.8,93.075,-47.1,1.365,5099.1,1,2046,0,2,6,0,2,0,0,0,2,1
31,196,1,999,0,1.4,93.444,-36.1,4.9639999999999995,5228.1,0,3517,0,1,6,0,0,0,0,1,4,1
42,578,2,999,0,1.4,93.444,-36.1,4.966,5228.1,0,4084,9,2,6,0,2,0,0,1,3,1
52,165,1,999,1,-0.1,93.2,-42.0,4.021,5195.8,0,3111,0,1,3,0,0,0,0,7,0,0
55,543,3,999,1,-1.8,92.89299999999999,-46.2,1.25,5099.1,0,1591,9,1,5,0,0,2,0,6,0,0
58,233,2,999,0,1.4,93.444,-36.1,4.965,5228.1,0,841,0,1,6,0,0,0,0,1,4,1
56,313,2,999,0,1.1,93.994,-36.4,4.86,5191.0,0,745,4,0,2,1,2,0,1,6,2,1
42,181,3,999,0,1.1,93.994,-36.4,4.857,5191.0,0,1626,10,1,3,1,0,0,1,6,1,1
36,97,2,999,0,1.1,93.994,-36.4,4.859,5191.0,0,13,0,1,3,0,0,0,1,6,4,1
35,312,1,999,0,1.1,93.994,-36.4,4.857,5191.0,0,2246,1,1,1,0,2,0,1,6,1,1
31,237,3,999,0,1.4,94.465,-41.8,4.8660000000000005,5228.1,0,3868,0,2,6,0,2,0,1,4,2,1
30,164,4,999,0,1.1,93.994,-36.4,4.857,5191.0,0,2482,4,0,6,0,0,2,1,6,0,1
33,275,6,999,0,1.4,93.444,-36.1,4.963,5228.1,0,570,0,2,6,0,2,2,0,1,3,1
35,141,1,999,0,-1.8,92.89299999999999,-46.2,1.327,5099.1,0,245,9,2,5,0,2,0,0,6,2,1
34,285,1,999,0,1.1,93.994,-36.4,4.86,5191.0,0,725,7,1,3,0,0,0,1,6,2,1
43,128,7,999,0,-1.8,92.89299999999999,-46.2,1.291,5099.1,0,439,1,1,7,0,2,0,0,6,3,1
30,84,3,999,0,1.4,93.91799999999999,-42.7,4.963,5228.1,0,2128,0,2,6,0,0,0,1,3,4,1
42,105,1,999,0,1.1,93.994,-36.4,4.857,5191.0,0,992,1,1,0,1,2,2,1,6,1,1
38,25,7,999,0,1.4,94.465,-41.8,4.865,5228.1,0,2427,7,1,3,1,2,0,1,4,1,1
28,17,5,999,0,1.4,94.465,-41.8,4.959,5228.1,0,3169,1,1,2,1,0,2,1,4,0,1
23,361,2,999,0,-1.8,92.89299999999999,-46.2,1.27,5099.1,0,4020,8,2,3,0,0,0,0,6,2,1
42,158,1,999,1,-2.9,92.20100000000001,-31.4,0.884,5076.2,0,1873,9,2,7,0,2,0,0,1,3,0
31,350,1,999,0,1.1,93.994,-36.4,4.857,5191.0,0,3892,0,1,3,0,0,0,1,6,4,1
32,217,1,999,0,-3.4,92.431,-26.9,0.7390000000000001,5017.5,0,1471,7,1,3,0,0,0,0,8,1,1
24,88,1,999,0,-1.8,93.075,-47.1,1.365,5099.1,0,3221,8,2,3,0,2,0,0,0,2,1
29,139,1,999,0,1.4,93.444,-36.1,4.963,5228.1,0,769,0,2,6,0,0,0,0,1,2,1
37,417,1,999,0,1.4,93.444,-36.1,4.965,5228.1,0,4031,9,0,5,0,1,1,0,1,3,1
30,131,1,999,1,-1.7,94.055,-39.8,0.748,4991.6,0,4112,9,1,6,0,0,2,0,4,0,0
30,164,3,999,0,-0.1,93.2,-42.0,4.12,5195.8,0,997,2,1,3,0,2,0,0,7,4,1
40,155,6,999,0,1.1,93.994,-36.4,4.86,5191.0,0,1004,1,0,3,1,0,0,1,6,2,1
50,23,14,999,0,1.4,93.444,-36.1,4.962,5228.1,0,606,0,1,2,0,0,0,0,1,2,1
33,316,1,999,0,1.1,93.994,-36.4,4.8580000000000005,5191.0,0,2178,9,1,5,0,2,0,1,6,4,1
48,134,1,999,0,-0.1,93.2,-42.0,4.12,5195.8,0,2018,7,0,0,0,0,0,0,7,4,1
25,553,1,999,0,-2.9,92.20100000000001,-31.4,0.8690000000000001,5076.2,0,1956,7,2,3,0,0,0,0,1,0,1
29,289,2,999,0,1.4,93.91799999999999,-42.7,4.963,5228.1,0,1750,7,2,3,1,2,0,0,3,0,1
48,134,7,999,0,1.4,93.444,-36.1,4.966,5228.1,0,3464,1,1,0,0,0,0,0,1,3,1
41,44,2,999,0,-0.1,93.2,-42.0,4.191,5195.8,0,8,2,1,6,1,2,0,0,7,1,1
43,37,1,999,0,1.4,94.465,-41.8,4.967,5228.1,0,3036,1,1,2,0,1,1,1,4,0,1
39,391,2,999,0,-0.1,93.2,-42.0,4.0760000000000005,5195.8,0,1747,1,1,1,0,2,0,0,7,2,1
37,51,4,999,0,1.4,94.465,-41.8,4.865,5228.1,0,3631,9,2,5,1,1,1,1,4,1,1
47,159,1,999,1,-3.4,92.37899999999999,-29.8,0.755,5017.5,0,2404,0,0,3,0,2,0,0,9,3,0
36,713,4,999,0,1.1,93.994,-36.4,4.8580000000000005,5191.0,0,1037,1,1,3,1,0,0,1,6,4,1
31,12,3,999,0,1.4,94.465,-41.8,4.959,5228.1,0,1606,2,2,1,1,2,0,1,4,0,1
33,1183,1,999,0,1.1,93.994,-36.4,4.857,5191.0,1,1597,1,1,1,0,0,0,1,6,4,1
37,155,1,999,0,1.1,93.994,-36.4,4.86,5191.0,0,1140,0,1,3,0,0,2,1,6,2,1
25,301,3,999,0,-2.9,92.963,-40.8,1.281,5076.2,1,3191,8,2,7,0,0,0,0,4,1,1
34,223,1,999,1,-0.1,93.2,-42.0,4.0760000000000005,5195.8,0,1961,1,1,0,0,0,0,0,7,2,0
54,109,2,999,0,1.4,93.444,-36.1,4.9639999999999995,5228.1,0,430,1,1,0,0,2,0,0,1,2,1
34,260,3,3,2,-3.4,92.37899999999999,-29.8,0.773,5017.5,1,2432,0,2,6,0,0,0,0,9,0,2
39,77,2,999,0,1.1,93.994,-36.4,4.86,5191.0,0,1582,2,2,1,0,2,0,1,6,2,1
33,9,1,999,0,-1.7,94.215,-40.3,0.8270000000000001,4991.6,0,572,1,1,2,0,0,2,1,3,1,1
40,377,3,999,1,-1.8,93.075,-47.1,1.466,5099.1,0,1843,7,1,3,0,0,0,0,0,1,0
32,258,1,999,0,1.4,93.91799999999999,-42.7,4.962,5228.1,0,1192,2,1,2,1,2,0,1,3,3,1
37,316,2,999,0,1.4,93.91799999999999,-42.7,4.961,5228.1,0,1739,0,2,3,0,2,0,0,3,3,1
44,471,3,999,0,1.4,94.465,-41.8,4.8660000000000005,5228.1,0,475,1,1,0,0,1,1,1,4,2,1
30,183,7,999,0,1.4,93.444,-36.1,4.963,5228.1,0,418,9,2,6,0,0,0,0,1,2,1
31,409,2,999,0,1.4,93.444,-36.1,4.965,5228.1,0,2061,9,1,5,0,2,0,0,1,4,1
31,124,3,999,0,1.4,93.444,-36.1,4.9639999999999995,5228.1,0,2221,10,1,6,0,0,0,0,1,4,1
47,130,1,999,0,1.4,93.444,-36.1,4.966,5228.1,0,3218,7,1,3,0,0,0,0,1,0,1
36,167,1,999,0,1.4,93.444,-36.1,4.966,5228.1,0,2168,9,1,6,0,2,0,0,1,0,1
43,340,1,999,0,-0.1,93.2,-42.0,4.0760000000000005,5195.8,0,3492,1,1,2,0,2,0,0,7,2,1
32,210,2,15,1,-1.7,94.215,-40.3,0.846,4991.6,0,1863,0,2,6,0,2,0,0,3,2,2
27,130,1,999,0,1.4,93.91799999999999,-42.7,4.958,5228.1,0,639,0,2,3,0,2,0,0,3,2,1
32,185,2,999,0,1.4,93.444,-36.1,4.965,5228.1,0,1905,9,1,5,0,2,0,0,1,3,1
35,8,5,999,0,-1.8,92.89299999999999,-46.2,1.2990000000000002,5099.1,0,1094,0,2,6,0,2,0,0,6,1,1
53,150,1,999,0,1.4,93.444,-36.1,4.963,5228.1,0,3683,2,1,0,1,2,0,0,1,0,1
42,385,1,999,0,1.4,93.91799999999999,-42.7,4.962,5228.1,0,676,1,2,0,0,1,1,1,3,0,1
48,200,2,999,0,-3.4,92.431,-26.9,0.742,5017.5,0,2884,9,1,5,0,0,2,1,8,3,1
35,400,1,999,0,-0.1,93.2,-42.0,4.12,5195.8,0,1014,4,1,6,0,2,0,0,7,4,1
58,9,1,999,0,-1.1,94.601,-49.5,0.953,4963.6,0,2219,0,1,6,0,2,0,1,8,1,1
48,11,1,999,0,-1.1,94.199,-37.5,0.8809999999999999,4963.6,0,917,7,1,3,0,0,0,1,9,3,1
38,100,1,999,0,1.1,93.994,-36.4,4.857,5191.0,0,3058,1,1,2,0,2,0,1,6,0,1
29,489,1,999,0,1.4,93.91799999999999,-42.7,4.963,5228.1,0,708,8,2,6,0,2,0,0,3,2,1
39,514,1,999,0,-0.1,93.2,-42.0,4.12,5195.8,0,1274,0,2,6,0,2,0,0,7,4,1
34,157,2,999,0,1.1,93.994,-36.4,4.857,5191.0,0,137,0,1,6,0,0,2,1,6,4,1
42,172,1,999,0,-1.8,92.89299999999999,-46.2,1.281,5099.1,0,800,1,1,1,0,2,0,0,6,4,1
86,211,1,7,4,-1.1,94.199,-37.5,0.877,4963.6,1,697,5,1,7,1,2,2,0,9,3,2
41,207,4,999,0,-1.8,92.89299999999999,-46.2,1.291,5099.1,0,3054,1,1,1,0,2,2,1,6,3,1
35,110,2,18,2,-1.1,94.199,-37.5,0.8859999999999999,4963.6,0,696,0,1,6,0,2,0,0,9,4,0
52,211,1,999,1,-3.4,92.37899999999999,-29.8,0.797,5017.5,1,2367,9,1,5,0,2,2,0,9,1,0
34,192,3,999,0,-1.8,92.89299999999999,-46.2,1.291,5099.1,0,1185,1,1,2,0,0,0,0,6,3,1
43,294,1,999,0,1.1,93.994,-36.4,4.856,5191.0,0,3357,1,1,3,0,2,0,1,6,4,1
34,281,1,999,2,-3.4,92.431,-26.9,0.73,5017.5,1,3446,0,1,6,0,0,0,0,8,0,0
34,206,1,999,0,1.4,94.465,-41.8,4.96,5228.1,0,1355,1,1,2,0,0,0,1,4,1,1
41,246,1,999,1,-1.8,93.075,-47.1,1.405,5099.1,0,3436,10,1,2,1,2,0,1,0,0,0
48,420,7,999,1,-1.8,92.89299999999999,-46.2,1.244,5099.1,0,3226,1,1,0,0,0,0,0,6,1,0
37,73,3,999,0,1.1,93.994,-36.4,4.86,5191.0,0,963,7,1,3,1,2,2,1,6,2,1
41,77,2,999,0,1.1,93.994,-36.4,4.857,5191.0,0,3023,0,1,6,0,2,2,1,6,1,1
31,349,2,999,0,1.1,93.994,-36.4,4.86,5191.0,0,3382,0,1,3,0,0,2,1,6,2,1
57,101,1,999,0,1.1,93.994,-36.4,4.857,5191.0,0,877,9,1,0,1,0,0,1,6,3,1
29,171,2,999,0,-0.1,93.2,-42.0,4.021,5195.8,0,3882,7,2,3,0,2,0,0,7,0,1
25,94,2,999,0,-2.9,92.963,-40.8,1.26,5076.2,0,849,0,2,6,0,0,0,1,4,1,1
51,253,1,999,0,1.4,93.444,-36.1,4.966,5228.1,0,3301,3,1,0,1,0,0,0,1,0,1
25,81,1,999,1,-2.9,92.20100000000001,-31.4,0.825,5076.2,0,862,8,2,7,1,2,0,0,1,0,0
35,36,1,999,0,-1.8,93.075,-47.1,1.405,5099.1,0,3771,7,1,3,0,2,0,0,0,0,1
50,381,1,999,1,-0.1,93.2,-42.0,4.021,5195.8,0,2672,4,1,5,0,2,0,0,7,0,0
49,155,1,999,0,-1.8,92.89299999999999,-46.2,1.334,5099.1,0,2881,0,1,6,0,0,0,0,6,4,1
33,313,1,999,0,-1.8,92.89299999999999,-46.2,1.291,5099.1,0,1861,1,2,0,0,0,0,0,6,3,1
58,268,3,999,0,1.1,93.994,-36.4,4.857,5191.0,0,97,5,1,1,1,0,0,1,6,1,1
38,1276,1,999,0,-1.8,92.89299999999999,-46.2,1.3130000000000002,5099.1,1,495,4,1,6,0,2,0,0,6,0,1
40,201,2,999,0,1.1,93.994,-36.4,4.855,5191.0,0,3641,1,2,1,1,0,0,1,6,2,1
38,619,4,999,0,1.1,93.994,-36.4,4.86,5191.0,0,3808,8,2,6,0,0,0,1,6,2,1
32,85,8,999,0,1.4,93.444,-36.1,4.962,5228.1,0,1428,10,1,6,0,2,0,0,1,2,1
44,895,1,999,0,-1.8,93.075,-47.1,1.453,5099.1,1,3271,7,0,3,0,2,2,0,0,3,1
31,424,2,999,0,-0.1,93.2,-42.0,4.12,5195.8,1,3185,4,2,6,0,2,0,0,7,4,1
38,238,1,999,0,1.1,93.994,-36.4,4.855,5191.0,0,1257,6,2,6,0,0,0,1,6,2,1
31,56,2,999,0,1.4,93.444,-36.1,4.9639999999999995,5228.1,0,979,9,1,6,0,0,0,0,1,2,1
35,19,5,999,0,-1.8,93.075,-47.1,1.405,5099.1,0,4006,1,1,3,1,2,0,0,0,1,1
32,6,6,999,1,-1.8,93.075,-47.1,1.405,5099.1,0,3427,7,1,3,0,2,2,0,0,1,0
39,1176,1,999,0,1.4,93.91799999999999,-42.7,4.963,5228.1,1,1918,0,1,1,1,0,0,0,3,4,1
48,984,4,999,0,1.4,94.465,-41.8,4.865,5228.1,0,2530,1,1,0,0,0,0,1,4,1,1
74,160,1,999,0,-1.1,94.601,-49.5,0.977,4963.6,0,538,5,1,6,0,0,0,1,8,1,1
56,368,5,999,0,1.4,93.91799999999999,-42.7,4.961,5228.1,0,839,1,1,0,1,0,0,0,3,3,1
28,549,1,999,0,-1.8,92.89299999999999,-46.2,1.334,5099.1,0,2602,1,1,2,0,0,0,0,6,4,1
56,109,1,999,1,-0.1,93.2,-42.0,4.021,5195.8,0,2191,10,0,3,1,2,0,0,7,0,0
51,135,2,999,0,1.4,93.91799999999999,-42.7,4.962,5228.1,0,3083,3,1,0,1,2,0,0,3,0,1
51,198,2,999,0,-0.1,93.2,-42.0,4.191,5195.8,0,1975,9,1,3,0,0,0,0,7,1,1
42,90,4,999,1,-0.1,93.2,-42.0,4.191,5195.8,0,2325,3,1,6,0,0,0,0,7,1,0
27,131,3,999,0,-1.8,92.89299999999999,-46.2,1.25,5099.1,0,2113,9,1,6,0,2,0,0,6,0,1
51,10,5,999,0,1.4,93.444,-36.1,4.963,5228.1,0,345,11,1,7,1,2,0,0,1,0,1
33,702,1,999,0,1.1,93.994,-36.4,4.857,5191.0,0,3921,7,2,3,0,0,0,1,6,1,1
37,136,1,999,0,-3.4,92.649,-30.1,0.716,5017.5,0,2359,0,1,3,0,2,0,1,7,0,1
36,334,3,999,0,-1.8,92.89299999999999,-46.2,1.3130000000000002,5099.1,0,522,0,1,6,0,2,0,0,6,0,1
43,114,1,999,0,1.4,94.465,-41.8,4.865,5228.1,0,1167,10,1,6,1,0,0,1,4,1,1
39,138,1,999,0,-0.1,93.2,-42.0,4.12,5195.8,0,2455,0,1,3,0,0,0,0,7,4,1
45,83,2,999,0,1.1,93.994,-36.4,4.856,5191.0,0,3787,3,1,0,1,2,0,1,6,4,1
56,476,2,999,0,1.4,93.444,-36.1,4.965,5228.1,0,4030,0,1,7,0,2,0,0,1,1,1
59,247,2,999,1,-1.8,93.749,-34.6,0.644,5008.7,0,1673,5,0,3,0,2,0,0,0,2,0
36,193,3,999,0,-1.8,93.075,-47.1,1.405,5099.1,0,1144,0,2,3,0,0,0,0,0,0,1
29,116,1,999,0,-1.8,93.075,-47.1,1.405,5099.1,0,3393,9,2,2,0,1,1,1,0,1,1
47,108,1,999,0,1.4,93.91799999999999,-42.7,4.961,5228.1,0,3884,0,2,6,0,0,0,0,3,3,1
59,77,8,999,0,1.4,94.465,-41.8,4.864,5228.1,0,2401,5,1,5,0,2,0,1,4,3,1
29,302,1,999,0,1.1,93.994,-36.4,4.86,5191.0,0,4088,0,1,6,0,2,0,1,6,2,1
54,172,1,999,0,-0.1,93.2,-42.0,4.1530000000000005,5195.8,0,1546,5,1,3,0,0,0,0,7,3,1
28,113,1,999,0,-1.8,92.89299999999999,-46.2,1.244,5099.1,0,3346,1,2,5,0,2,0,0,6,1,1
26,160,3,999,0,1.1,93.994,-36.4,4.864,5191.0,0,422,0,2,3,0,2,0,1,6,0,1
30,175,1,999,0,-0.1,93.2,-42.0,4.0760000000000005,5195.8,0,1173,7,1,3,1,2,0,0,7,2,1
61,1076,2,999,0,-2.9,92.963,-40.8,1.26,5076.2,1,2581,0,1,6,1,2,0,0,4,4,1
29,127,1,999,0,-0.1,93.2,-42.0,4.191,5195.8,0,1030,1,1,0,0,2,0,0,7,1,1
29,32,1,999,0,1.1,93.994,-36.4,4.857,5191.0,0,2473,6,1,1,1,2,0,1,6,3,1
24,113,6,999,0,1.4,93.91799999999999,-42.7,4.963,5228.1,0,216,7,2,6,0,0,0,0,3,2,1
32,24,7,999,0,-1.8,92.89299999999999,-46.2,1.25,5099.1,0,3841,0,2,6,0,0,0,0,6,0,1
38,130,2,999,0,-1.8,92.89299999999999,-46.2,1.266,5099.1,0,2508,1,1,0,0,2,0,0,6,2,1
27,88,1,999,1,-1.8,92.89299999999999,-46.2,1.266,5099.1,0,1782,7,2,3,0,2,0,0,6,2,0
29,532,1,999,0,1.4,93.91799999999999,-42.7,4.961,5228.1,0,907,1,2,2,1,2,2,0,3,3,1
51,531,1,999,0,1.1,93.994,-36.4,4.857,5191.0,0,3929,0,1,1,1,2,0,1,6,3,1
55,156,1,999,0,-3.4,92.431,-26.9,0.728,5017.5,0,2265,10,1,2,0,2,0,0,8,3,1
35,167,2,999,0,1.4,93.444,-36.1,4.97,5228.1,0,271,0,2,6,0,0,0,0,1,1,1
46,332,3,999,0,-1.8,93.075,-47.1,1.423,5099.1,0,3529,1,0,2,0,0,0,0,0,3,1
26,49,3,999,0,-1.8,92.89299999999999,-46.2,1.25,5099.1,0,1680,1,2,3,0,0,0,0,6,0,1
39,125,1,999,0,-0.1,93.2,-42.0,4.191,5195.8,0,3812,4,2,2,0,2,0,0,7,1,1
54,32,2,999,0,-0.1,93.2,-42.0,4.021,5195.8,0,3564,9,2,3,0,2,0,0,7,0,1
54,192,1,999,0,1.1,93.994,-36.4,4.856,5191.0,0,1336,7,1,7,0,0,0,1,6,3,1
52,172,1,999,1,-0.1,93.2,-42.0,4.12,5195.8,0,2311,5,1,6,1,0,0,0,7,4,0
42,154,1,999,0,1.1,93.994,-36.4,4.857,5191.0,0,182,2,1,6,0,2,0,1,6,3,1
43,161,3,13,1,-2.9,92.20100000000001,-31.4,0.838,5076.2,0,3984,0,1,6,0,0,2,0,1,3,2
57,388,1,999,0,1.4,93.91799999999999,-42.7,4.962,5228.1,0,2250,3,1,6,0,0,0,0,3,4,1
50,184,2,999,0,1.1,93.994,-36.4,4.855,5191.0,0,2711,4,2,6,0,2,0,1,6,0,1
52,495,1,3,1,-3.4,92.649,-30.1,0.7140000000000001,5017.5,1,3863,9,1,5,0,2,0,0,7,0,2
30,30,1,999,0,-0.1,93.2,-42.0,4.12,5195.8,0,191,1,2,2,0,0,0,0,7,4,1
41,47,13,999,0,1.4,93.444,-36.1,4.963,5228.1,0,1446,0,1,6,0,2,0,0,1,0,1
34,309,1,999,0,-1.8,92.89299999999999,-46.2,1.327,5099.1,0,3985,9,1,6,0,2,0,1,6,2,1
31,161,2,999,0,1.1,93.994,-36.4,4.8580000000000005,5191.0,0,1035,4,1,2,0,0,2,1,6,4,1
28,557,1,999,0,1.1,93.994,-36.4,4.855,5191.0,0,918,1,2,1,0,0,0,1,6,0,1
69,258,3,6,1,-1.1,94.199,-37.5,0.879,4963.6,0,3050,5,1,0,0,0,0,0,9,1,2
61,118,2,999,0,-1.8,93.075,-47.1,1.3840000000000001,5099.1,0,3977,5,0,6,0,2,0,0,0,3,1
38,111,5,999,0,1.4,94.465,-41.8,4.967,5228.1,0,4037,9,2,5,1,2,0,1,4,0,1
28,320,1,999,0,-1.8,92.84299999999999,-50.0,1.7990000000000002,5099.1,1,3085,8,2,2,0,2,0,0,5,3,1
45,134,8,999,0,1.4,94.465,-41.8,4.865,5228.1,0,1254,1,1,1,0,2,0,1,4,1,1
49,96,1,999,0,-1.8,92.89299999999999,-46.2,1.354,5099.1,0,1227,10,1,3,0,2,0,1,6,1,1
59,413,4,999,0,1.4,93.444,-36.1,4.965,5228.1,0,3055,1,1,0,1,0,0,0,1,4,1
33,60,1,999,0,-1.8,92.89299999999999,-46.2,1.344,5099.1,0,2940,0,2,3,0,0,0,1,6,3,1
35,105,1,4,3,-3.0,92.713,-33.0,0.7070000000000001,5023.5,0,773,1,1,2,0,2,0,0,2,2,2
45,829,1,999,0,-1.8,92.84299999999999,-50.0,1.51,5099.1,0,3122,1,1,2,0,2,0,0,5,3,1
38,90,1,999,0,1.4,94.465,-41.8,4.8660000000000005,5228.1,0,3488,7,1,0,0,0,2,1,4,2,1
33,130,3,999,0,1.1,93.994,-36.4,4.857,5191.0,0,3247,2,1,6,0,2,0,1,6,1,1
21,286,2,999,0,-1.7,94.055,-39.8,0.767,4991.6,1,909,8,2,3,0,2,2,0,4,4,1
47,99,2,999,0,-1.8,92.89299999999999,-46.2,1.27,5099.1,0,390,0,1,3,0,0,0,0,6,4,1
30,331,2,999,0,-0.1,93.2,-42.0,4.021,5195.8,1,1260,0,2,6,0,0,0,0,7,0,1
29,641,6,999,0,1.4,94.465,-41.8,4.961,5228.1,0,1383,0,2,6,0,0,0,1,4,3,1
59,353,4,999,0,-1.8,93.075,-47.1,1.453,5099.1,0,227,5,1,0,0,0,0,1,0,3,1
24,40,1,999,0,1.4,94.465,-41.8,4.959,5228.1,0,3125,6,2,6,0,2,0,1,4,4,1
44,175,2,999,2,-2.9,92.20100000000001,-31.4,0.883,5076.2,1,3252,4,1,6,0,0,0,0,1,3,0
36,167,1,999,0,1.1,93.994,-36.4,4.8580000000000005,5191.0,0,370,1,1,1,0,2,0,1,6,4,1
39,241,3,999,0,1.4,93.91799999999999,-42.7,4.96,5228.1,0,2754,9,2,5,0,2,0,1,3,1,1
39,361,1,999,0,1.4,93.91799999999999,-42.7,4.962,5228.1,0,1611,0,2,3,0,2,0,0,3,0,1
37,76,1,999,1,-1.8,93.075,-47.1,1.405,5099.1,0,101,4,1,6,1,0,2,0,0,0,0
32,84,1,999,0,-1.8,92.89299999999999,-46.2,1.327,5099.1,0,2299,0,1,3,0,0,0,0,6,2,1
39,302,1,999,0,1.1,93.994,-36.4,4.857,5191.0,0,1400,0,1,6,1,0,0,1,6,0,1
52,111,8,999,0,1.4,93.91799999999999,-42.7,4.961,5228.1,0,225,1,0,7,0,0,0,0,3,3,1
35,159,1,999,0,-0.1,93.2,-42.0,4.1530000000000005,5195.8,0,2658,4,1,3,0,2,0,1,7,3,1
71,167,1,999,0,-3.4,92.431,-26.9,0.742,5017.5,0,1469,5,2,6,0,2,0,0,8,3,1
51,310,3,999,0,-0.1,93.2,-42.0,4.0760000000000005,5195.8,0,3066,6,1,6,0,2,2,0,7,2,1
43,681,5,999,0,-1.8,92.89299999999999,-46.2,1.327,5099.1,0,3502,9,1,5,1,0,0,0,6,2,1
35,165,5,999,0,1.1,93.994,-36.4,4.857,5191.0,0,663,0,1,3,0,0,0,1,6,1,1
54,34,16,999,0,1.4,94.465,-41.8,4.967,5228.1,0,485,0,1,7,1,0,0,1,4,0,1
20,47,2,999,0,-1.8,93.075,-47.1,1.405,5099.1,0,1378,8,2,7,0,2,2,0,0,3,1
53,186,1,999,0,1.1,93.994,-36.4,4.856,5191.0,0,2419,4,1,6,1,2,0,1,6,3,1
41,349,1,999,0,-0.1,93.2,-42.0,4.1530000000000005,5195.8,0,3075,6,0,6,0,0,0,0,7,3,1
51,81,1,999,0,1.4,94.465,-41.8,4.961,5228.1,0,2066,7,1,3,1,2,0,1,4,1,1
53,242,1,999,1,-3.4,92.649,-30.1,0.716,5017.5,0,149,11,1,2,0,0,2,0,7,4,0
23,87,1,999,0,1.4,93.444,-36.1,4.9639999999999995,5228.1,0,280,2,1,6,0,2,0,0,1,2,1
34,340,2,999,1,-1.8,92.89299999999999,-46.2,1.281,5099.1,0,4046,6,2,6,0,0,0,0,6,4,0
35,149,4,999,0,1.4,93.91799999999999,-42.7,4.962,5228.1,0,119,1,1,3,0,0,2,0,3,1,1
45,143,2,999,0,-1.8,92.84299999999999,-50.0,1.538,5099.1,0,2914,9,2,5,0,2,2,0,5,2,1
24,292,1,999,1,-1.7,94.055,-39.8,0.737,4991.6,0,719,8,2,3,0,0,0,0,4,3,0
30,72,3,999,0,1.1,93.994,-36.4,4.8580000000000005,5191.0,0,313,9,1,6,1,2,0,1,6,4,1
27,314,2,999,1,-1.8,93.075,-47.1,1.41,5099.1,0,4005,0,2,3,0,0,0,0,0,2,0
36,161,3,999,0,1.1,93.994,-36.4,4.856,5191.0,0,3182,1,1,7,1,2,2,1,6,4,1
45,112,1,999,0,1.4,93.91799999999999,-42.7,4.962,5228.1,0,2830,1,0,0,0,2,0,0,3,4,1
52,161,2,999,0,1.4,93.91799999999999,-42.7,4.96,5228.1,0,1443,7,1,1,0,0,2,0,3,1,1
47,127,1,999,0,1.1,93.994,-36.4,4.86,5191.0,0,29,0,2,7,1,0,0,1,6,2,1
31,363,2,999,0,1.1,93.994,-36.4,4.857,5191.0,0,2353,1,1,0,1,0,0,1,6,1,1
42,232,1,999,0,1.1,93.994,-36.4,4.856,5191.0,0,3584,0,0,6,0,0,0,1,6,4,1
32,128,1,999,0,1.4,93.91799999999999,-42.7,4.968,5228.1,0,2120,9,2,5,0,2,0,0,3,2,1
40,141,3,999,0,-3.4,92.649,-30.1,0.7140000000000001,5017.5,0,3501,9,2,6,0,0,0,0,7,1,1
38,79,3,999,0,-1.8,92.89299999999999,-46.2,1.2990000000000002,5099.1,0,1569,0,0,6,0,0,0,0,6,1,1
56,13,1,999,0,1.4,94.465,-41.8,4.96,5228.1,0,2911,7,0,3,1,2,0,1,4,1,1
46,231,2,999,0,1.4,94.465,-41.8,4.864,5228.1,0,3585,10,0,2,0,2,0,1,4,3,1
43,1806,4,999,0,1.4,93.91799999999999,-42.7,4.957,5228.1,1,2958,1,2,1,0,2,2,0,3,4,1
39,78,2,999,0,-0.1,93.2,-42.0,4.191,5195.8,0,631,1,2,2,0,2,0,0,7,1,1
36,263,3,999,0,1.1,93.994,-36.4,4.86,5191.0,0,558,0,1,3,0,0,0,1,6,2,1
28,116,1,999,0,-1.8,92.89299999999999,-46.2,1.334,5099.1,0,3096,9,2,5,0,0,0,0,6,4,1
36,161,2,999,0,-0.1,93.2,-42.0,4.12,5195.8,0,1844,4,1,6,0,2,0,0,7,4,1
46,56,2,999,0,1.1,93.994,-36.4,4.86,5191.0,0,1614,0,0,2,0,2,0,1,6,2,1
44,123,2,999,0,-3.4,92.431,-26.9,0.742,5017.5,0,2373,1,2,5,0,0,0,0,8,3,1
30,105,1,999,0,1.4,93.444,-36.1,4.9639999999999995,5228.1,0,435,0,2,6,0,2,0,0,1,4,1
33,482,1,12,1,-1.1,94.76700000000001,-50.8,1.0490000000000002,4963.6,1,734,0,1,6,0,2,0,0,7,0,2
31,96,5,999,0,1.4,93.444,-36.1,4.962,5228.1,0,76,0,1,6,0,2,0,0,1,2,1
54,82,2,999,0,1.1,93.994,-36.4,4.86,5191.0,0,656,0,1,6,1,0,2,1,6,2,1
36,148,1,999,0,1.4,93.91799999999999,-42.7,4.968,5228.1,0,12,6,2,0,0,0,0,0,3,2,1
55,303,2,999,0,-0.1,93.2,-42.0,4.0760000000000005,5195.8,0,2460,10,1,6,0,2,0,0,7,2,1
56,17,19,999,0,1.4,93.91799999999999,-42.7,4.96,5228.1,0,887,9,1,6,1,0,0,0,3,1,1
50,57,1,999,0,-1.1,94.199,-37.5,0.877,4963.6,0,824,3,0,0,0,0,0,1,9,3,1
48,148,1,999,0,1.4,93.444,-36.1,4.97,5228.1,0,895,3,1,0,1,0,2,0,1,1,1
33,331,1,999,0,1.4,93.444,-36.1,4.962,5228.1,0,691,7,1,5,0,2,2,0,1,2,1
31,854,1,999,0,-3.0,92.713,-33.0,0.715,5023.5,1,1814,6,2,6,0,0,0,0,2,4,1
30,638,4,999,0,1.4,93.444,-36.1,4.963,5228.1,1,680,9,2,3,0,0,0,0,1,1,1
39,219,2,999,0,1.1,93.994,-36.4,4.8580000000000005,5191.0,0,2938,2,0,6,0,2,0,1,6,1,1
55,103,2,999,0,1.1,93.994,-36.4,4.86,5191.0,0,2890,0,1,2,1,0,2,1,6,2,1
44,390,2,999,0,1.4,94.465,-41.8,4.961,5228.1,0,93,1,1,3,1,0,0,1,4,3,1
45,637,1,999,0,-1.8,93.075,-47.1,1.405,5099.1,0,1846,1,1,7,0,2,2,0,0,0,1
32,95,5,999,0,1.4,93.444,-36.1,4.965,5228.1,0,1110,2,1,6,0,0,0,0,1,1,1
34,114,1,999,0,1.4,93.444,-36.1,4.9639999999999995,5228.1,0,838,0,2,6,0,0,0,0,1,0,1
57,153,2,999,0,1.4,93.444,-36.1,4.965,5228.1,0,173,7,1,5,1,0,0,0,1,1,1
38,26,1,999,2,-1.8,92.89299999999999,-46.2,1.281,5099.1,0,1081,6,1,2,0,2,0,1,6,4,0
40,92,6,999,0,1.4,94.465,-41.8,4.96,5228.1,0,3586,9,1,5,0,0,0,1,4,1,1
39,215,1,999,0,1.4,93.444,-36.1,4.9639999999999995,5228.1,0,3525,3,1,0,0,2,2,0,1,0,1
51,131,2,999,4,-1.8,93.876,-40.0,0.6970000000000001,5008.7,0,518,4,1,6,0,2,0,0,6,1,0
56,87,4,999,0,1.4,93.91799999999999,-42.7,4.962,5228.1,0,3998,7,1,3,0,0,2,0,3,0,1
49,124,1,999,0,1.1,93.994,-36.4,4.857,5191.0,0,3784,4,0,3,1,0,0,1,6,1,1
34,54,1,999,0,1.4,93.91799999999999,-42.7,4.958,5228.1,0,1127,1,1,0,0,2,0,0,3,2,1
41,697,2,999,0,1.4,93.444,-36.1,4.963,5228.1,1,744,9,1,3,0,0,0,0,1,1,1
41,143,2,999,0,1.4,94.465,-41.8,4.967,5228.1,0,1944,4,1,7,0,2,0,1,4,0,1
30,22,3,999,0,1.4,93.91799999999999,-42.7,4.963,5228.1,0,1076,7,2,2,0,2,0,0,3,4,1
35,178,1,999,1,-0.1,93.2,-42.0,4.12,5195.8,0,695,9,2,2,0,0,0,0,7,4,0
50,73,2,999,0,1.4,93.444,-36.1,4.965,5228.1,0,2238,9,0,5,0,0,0,0,1,1,1
42,33,2,999,0,-1.8,92.89299999999999,-46.2,1.244,5099.1,0,3376,9,2,6,0,2,0,0,6,1,1
32,77,2,999,0,-0.1,93.2,-42.0,4.1530000000000005,5195.8,0,2012,9,2,6,0,0,0,0,7,3,1
26,112,5,999,0,-1.1,94.76700000000001,-50.8,1.0390000000000001,4963.6,0,1132,4,2,6,0,2,0,0,7,1,1
27,234,1,999,0,1.4,93.91799999999999,-42.7,4.958,5228.1,0,3907,9,2,5,0,0,0,0,3,2,1
24,590,3,999,0,1.4,93.91799999999999,-42.7,4.963,5228.1,0,1422,1,2,2,0,2,0,0,3,4,1
49,317,1,999,0,-2.9,92.963,-40.8,1.268,5076.2,0,974,10,1,5,0,0,0,0,4,0,1
43,460,1,999,1,-1.8,93.876,-40.0,0.6990000000000001,5008.7,1,1688,9,1,5,0,0,0,0,6,2,0
36,23,14,999,0,1.4,93.444,-36.1,4.965,5228.1,0,466,3,1,0,0,1,1,0,1,3,1
44,102,1,999,0,1.4,93.444,-36.1,4.965,5228.1,0,3325,0,1,6,0,0,0,0,1,3,1
49,286,1,999,0,1.1,93.994,-36.4,4.857,5191.0,0,2464,1,1,7,0,0,0,1,6,3,1
55,430,2,999,0,-0.1,93.2,-42.0,4.0760000000000005,5195.8,0,1105,0,1,2,0,2,2,0,7,2,1
38,43,9,999,0,1.4,94.465,-41.8,4.961,5228.1,0,903,0,1,6,0,2,0,1,4,3,1
78,321,1,999,0,-3.4,92.431,-26.9,0.754,5017.5,0,2981,5,1,2,0,2,0,1,8,2,1
31,551,3,999,1,-1.8,93.075,-47.1,1.466,5099.1,0,3490,9,1,5,0,0,0,0,0,1,0
34,23,1,999,0,1.1,93.994,-36.4,4.86,5191.0,0,1310,1,1,0,0,0,2,1,6,2,1
39,53,1,999,0,-1.8,92.89299999999999,-46.2,1.3130000000000002,5099.1,0,1287,4,1,6,0,2,0,0,6,0,1
43,388,3,999,0,1.4,93.91799999999999,-42.7,4.962,5228.1,0,3776,7,0,3,0,0,0,0,3,1,1
33,263,1,999,0,-1.8,92.89299999999999,-46.2,1.327,5099.1,0,52,1,1,2,0,2,0,0,6,2,1
44,109,1,999,0,1.1,93.994,-36.4,4.857,5191.0,0,3059,1,1,2,1,0,0,1,6,1,1
56,422,1,999,0,-1.8,93.075,-47.1,1.405,5099.1,0,2533,1,3,0,0,0,0,0,0,0,1
44,228,3,999,0,1.1,93.994,-36.4,4.856,5191.0,0,250,0,1,3,0,0,0,1,6,4,1
42,73,2,999,0,1.4,93.91799999999999,-42.7,4.963,5228.1,0,1896,0,1,6,0,0,0,0,3,4,1
53,386,2,999,0,1.4,93.91799999999999,-42.7,4.962,5228.1,0,2260,1,1,7,1,2,0,0,3,0,1
26,75,2,999,1,-3.4,92.431,-26.9,0.742,5017.5,0,1684,8,2,2,0,2,0,0,8,3,0
32,107,1,999,0,1.4,93.444,-36.1,4.963,5228.1,0,3474,0,2,6,0,1,1,0,1,0,1
37,200,3,999,0,1.1,93.994,-36.4,4.855,5191.0,0,3104,9,1,5,1,2,0,1,6,0,1
47,168,1,999,0,1.4,94.465,-41.8,4.961,5228.1,0,1630,1,1,0,1,2,2,1,4,3,1
58,663,1,999,0,-2.9,92.963,-40.8,1.262,5076.2,1,136,5,0,3,0,2,0,0,4,3,1
45,121,4,999,0,1.1,93.994,-36.4,4.857,5191.0,0,1796,9,2,5,0,2,0,1,6,3,1
60,430,2,999,0,1.4,93.444,-36.1,4.97,5228.1,0,2656,5,1,6,1,0,0,0,1,1,1
44,153,1,999,0,1.4,94.465,-41.8,4.8660000000000005,5228.1,0,2943,1,1,0,0,0,0,1,4,2,1
56,161,4,999,0,1.4,93.91799999999999,-42.7,4.962,5228.1,0,1919,5,2,5,1,2,0,0,3,0,1
25,1068,3,999,0,-1.8,92.89299999999999,-46.2,1.25,5099.1,1,1005,1,2,3,0,0,0,0,6,0,1
46,143,8,999,0,1.4,94.465,-41.8,4.864,5228.1,0,322,3,0,1,0,2,0,1,4,3,1
39,387,1,6,2,-3.0,92.713,-33.0,0.706,5023.5,1,1933,10,2,6,0,2,0,0,2,1,2
47,38,3,999,0,1.4,93.444,-36.1,4.9639999999999995,5228.1,0,3410,0,1,6,0,2,0,0,1,4,1
40,387,4,999,0,1.1,93.994,-36.4,4.86,5191.0,0,741,0,1,7,0,0,0,1,6,2,1
45,243,2,999,0,1.1,93.994,-36.4,4.857,5191.0,0,3212,1,1,0,1,2,0,1,6,3,1
48,700,2,999,0,1.4,94.465,-41.8,4.958,5228.1,0,2033,1,1,3,0,2,0,1,4,2,1
35,98,1,999,0,1.4,94.465,-41.8,4.958,5228.1,0,2670,7,1,2,0,0,2,1,4,2,1
55,326,6,999,0,1.4,93.91799999999999,-42.7,4.962,5228.1,0,21,7,1,1,1,2,0,0,3,3,1
43,206,5,999,0,-0.1,93.2,-42.0,4.12,5195.8,0,1442,6,1,0,0,0,2,0,7,4,1
26,11,3,999,0,1.4,93.91799999999999,-42.7,4.957,5228.1,0,1202,7,2,3,1,2,2,1,3,0,1
29,626,3,999,0,1.4,93.444,-36.1,4.967,5228.1,0,23,9,2,6,0,2,2,0,1,4,1
51,250,3,999,0,1.4,94.465,-41.8,4.959,5228.1,0,1237,7,1,2,0,2,0,1,4,0,1
34,651,1,999,0,1.4,94.465,-41.8,4.967,5228.1,0,2258,1,1,1,1,0,0,1,4,0,1
56,83,3,999,1,-1.8,93.075,-47.1,1.405,5099.1,0,1250,6,1,6,0,0,0,0,0,1,0
31,157,6,999,0,1.1,93.994,-36.4,4.856,5191.0,0,98,9,1,5,0,2,0,1,6,4,1
29,130,6,999,0,1.4,93.444,-36.1,4.965,5228.1,0,1402,9,2,3,0,2,0,0,1,3,1
53,70,1,999,1,-2.9,92.963,-40.8,1.266,5076.2,0,3802,0,0,3,0,2,0,0,4,1,0
38,11,3,999,0,-0.1,93.2,-42.0,4.12,5195.8,0,2234,9,1,5,0,2,2,0,7,4,1
31,140,3,999,0,1.4,93.444,-36.1,4.962,5228.1,0,2385,0,2,6,0,2,2,0,1,2,1
54,252,2,999,0,1.4,93.444,-36.1,4.9639999999999995,5228.1,0,3725,9,1,6,0,2,0,0,1,2,1
38,204,1,11,1,-1.8,92.89299999999999,-46.2,1.281,5099.1,0,321,1,1,2,0,0,0,0,6,4,2
47,1114,2,999,0,-1.8,92.89299999999999,-46.2,1.2990000000000002,5099.1,0,163,0,2,3,0,0,0,0,6,1,1
38,96,10,999,0,1.4,94.465,-41.8,4.961,5228.1,0,3648,6,1,6,1,0,0,1,4,1,1
31,309,1,6,3,-1.7,94.215,-40.3,0.835,4991.6,1,154,10,2,6,0,2,0,0,3,3,2
33,132,1,999,0,1.4,93.91799999999999,-42.7,4.961,5228.1,0,397,1,1,2,0,2,0,0,3,3,1
39,22,8,999,1,-1.8,92.89299999999999,-46.2,1.266,5099.1,0,1457,7,1,3,0,2,0,0,6,2,0
55,182,1,999,0,-3.4,92.431,-26.9,0.742,5017.5,0,3689,9,1,5,0,2,0,0,8,3,1
33,351,3,999,0,-1.8,93.075,-47.1,1.4980000000000002,5099.1,1,1641,1,1,1,0,2,0,0,0,4,1
40,459,1,999,0,-1.8,92.89299999999999,-46.2,1.344,5099.1,0,296,4,1,6,0,2,0,0,6,3,1
35,130,2,999,0,-1.8,92.89299999999999,-46.2,1.3130000000000002,5099.1,0,589,4,2,3,0,2,2,0,6,0,1
40,80,1,999,1,-0.1,93.2,-42.0,4.191,5195.8,0,2315,1,1,5,0,0,2,0,7,1,0
54,85,1,999,0,-1.8,93.075,-47.1,1.365,5099.1,0,2205,4,1,6,0,2,0,0,0,2,1
25,247,3,999,0,1.1,93.994,-36.4,4.856,5191.0,0,332,6,2,6,0,0,0,1,6,3,1
35,236,1,999,0,1.1,93.994,-36.4,4.857,5191.0,0,3009,0,1,3,1,2,2,1,6,3,1
58,79,2,999,0,-2.9,92.963,-40.8,1.252,5076.2,0,3381,5,1,0,0,2,0,0,4,3,1
48,352,2,999,0,1.4,93.91799999999999,-42.7,4.96,5228.1,0,1090,0,0,3,0,0,0,1,3,1,1
37,316,2,999,0,1.1,93.994,-36.4,4.857,5191.0,0,2495,0,1,3,0,0,0,1,6,3,1
54,485,1,999,0,1.1,93.994,-36.4,4.856,5191.0,0,3088,3,0,0,0,0,0,1,6,4,1
27,143,1,999,0,-1.8,92.89299999999999,-46.2,1.266,5099.1,0,1133,0,1,5,0,2,0,0,6,2,1
43,117,2,999,0,-1.8,92.89299999999999,-46.2,1.334,5099.1,0,386,10,1,0,0,0,0,0,6,4,1
53,723,2,999,0,1.4,93.91799999999999,-42.7,4.955,5228.1,0,2547,7,1,2,0,2,0,1,3,3,1
29,438,1,999,0,1.4,93.91799999999999,-42.7,4.963,5228.1,0,787,9,2,6,0,2,0,0,3,4,1
27,339,2,999,1,-1.8,92.89299999999999,-46.2,1.291,5099.1,0,660,1,2,2,0,2,0,0,6,3,0
25,170,2,999,0,-1.8,92.89299999999999,-46.2,1.25,5099.1,0,1695,1,2,2,0,0,0,0,6,0,1
37,51,4,999,0,-1.8,92.89299999999999,-46.2,1.334,5099.1,0,1107,0,2,6,0,0,0,0,6,4,1
41,102,1,999,0,-1.8,92.89299999999999,-46.2,1.327,5099.1,0,651,1,0,2,0,2,0,0,6,2,1
44,25,1,999,0,1.4,94.465,-41.8,4.864,5228.1,0,4019,0,1,6,0,2,0,1,4,4,1
39,272,2,999,0,-0.1,93.2,-42.0,4.191,5195.8,0,3561,3,1,2,0,2,2,0,7,1,1
37,56,3,999,0,1.4,93.91799999999999,-42.7,4.968,5228.1,0,1432,0,1,3,0,1,1,0,3,2,1
75,229,1,999,2,-1.7,94.215,-40.3,0.81,4991.6,1,751,5,1,6,0,2,0,0,3,2,0
49,182,12,999,0,1.4,93.91799999999999,-42.7,4.962,5228.1,0,2485,4,1,6,1,2,0,1,3,1,1
50,287,1,999,0,1.1,93.994,-36.4,4.857,5191.0,0,1179,3,1,0,1,0,0,1,6,1,1
23,1300,3,999,0,1.4,93.91799999999999,-42.7,4.963,5228.1,0,3455,7,2,3,0,1,1,0,3,4,1
32,162,1,999,0,1.1,93.994,-36.4,4.857,5191.0,0,2644,7,1,3,0,0,0,1,6,3,1
50,234,3,999,0,-0.1,93.2,-42.0,4.1530000000000005,5195.8,0,2291,1,1,0,0,2,2,1,7,3,1
38,284,1,999,0,1.4,94.465,-41.8,4.864,5228.1,0,1704,0,2,6,0,2,0,1,4,3,1
27,189,2,999,0,1.4,93.91799999999999,-42.7,4.963,5228.1,0,2695,3,1,3,0,2,0,0,3,0,1
25,95,1,999,0,1.4,93.91799999999999,-42.7,4.962,5228.1,0,2365,0,1,3,0,0,0,0,3,4,1
35,218,2,6,1,-1.8,93.749,-34.6,0.644,5008.7,1,620,7,1,5,0,2,0,0,0,2,2
50,137,1,999,0,1.4,93.91799999999999,-42.7,4.963,5228.1,0,1008,0,1,1,0,2,0,0,3,4,1
26,92,2,999,0,-3.4,92.649,-30.1,0.716,5017.5,0,1265,8,2,7,0,2,0,0,7,4,1
32,251,2,999,0,1.4,93.91799999999999,-42.7,4.963,5228.1,0,2734,1,1,1,0,2,0,0,3,0,1
37,288,1,999,0,1.4,94.465,-41.8,4.961,5228.1,0,2498,4,1,6,0,0,0,1,4,2,1
34,562,1,999,0,1.4,93.91799999999999,-42.7,4.963,5228.1,0,2784,1,2,2,1,2,0,0,3,2,1
52,203,3,999,0,1.4,93.444,-36.1,4.965,5228.1,0,2272,9,1,5,0,2,2,0,1,4,1
50,200,2,999,0,1.1,93.994,-36.4,4.857,5191.0,0,4021,1,0,3,1,0,2,1,6,1,1
32,999,3,999,0,1.1,93.994,-36.4,4.856,5191.0,0,980,1,1,2,0,2,0,1,6,3,1
53,81,1,999,0,1.4,93.444,-36.1,4.963,5228.1,0,3644,4,1,6,0,2,2,1,1,0,1
39,291,3,999,0,-1.1,94.199,-37.5,0.884,4963.6,1,3970,4,1,6,0,2,0,0,9,2,1
52,71,2,999,0,1.4,94.465,-41.8,4.961,5228.1,0,2909,6,1,0,1,0,2,1,4,2,1
35,102,3,999,0,1.1,93.994,-36.4,4.855,5191.0,0,3966,9,0,5,0,0,2,1,6,0,1
61,266,5,999,0,-1.8,93.075,-47.1,1.406,5099.1,1,3065,0,1,6,0,2,2,0,0,2,1
60,202,6,999,0,1.1,93.994,-36.4,4.8580000000000005,5191.0,0,2237,9,0,5,1,2,0,1,6,4,1
41,766,2,999,0,1.4,93.444,-36.1,4.968,5228.1,1,1657,0,1,6,0,0,0,0,1,3,1
31,42,6,999,0,1.4,93.91799999999999,-42.7,4.96,5228.1,0,2412,1,2,3,0,0,0,0,3,1,1
34,144,3,999,1,-1.8,92.89299999999999,-46.2,1.266,5099.1,0,1533,1,1,3,0,0,0,0,6,2,0
60,259,1,999,0,1.4,93.444,-36.1,4.962,5228.1,0,1828,0,1,2,0,2,0,0,1,2,1
34,210,1,999,0,-1.8,93.075,-47.1,1.405,5099.1,0,2599,1,1,2,0,2,0,0,0,0,1
36,257,1,999,0,-1.8,92.89299999999999,-46.2,1.291,5099.1,0,3037,1,1,7,0,0,0,1,6,3,1
47,123,1,999,0,-2.9,92.469,-33.6,1.0290000000000001,5076.2,0,110,4,1,6,0,2,0,0,3,4,1
45,65,2,999,0,1.4,94.465,-41.8,4.961,5228.1,0,1381,1,1,0,1,0,2,1,4,3,1
23,34,3,999,0,1.4,93.91799999999999,-42.7,4.96,5228.1,0,2610,0,2,3,0,2,0,0,3,1,1
49,283,3,999,0,1.1,93.994,-36.4,4.859,5191.0,0,3110,1,1,2,1,0,0,1,6,0,1
41,281,3,999,0,1.4,93.91799999999999,-42.7,4.955,5228.1,0,3349,1,1,0,0,2,0,1,3,3,1
29,193,1,999,0,-1.8,92.89299999999999,-46.2,1.327,5099.1,0,1139,1,1,2,0,2,0,0,6,2,1
30,216,4,999,0,-0.1,93.2,-42.0,4.0760000000000005,5195.8,0,1991,10,1,7,0,2,0,0,7,2,1
31,464,1,999,0,1.4,94.465,-41.8,4.865,5228.1,0,2586,6,1,6,0,2,2,1,4,1,1
33,326,5,999,0,1.4,94.465,-41.8,4.961,5228.1,0,888,7,2,3,0,2,0,1,4,2,1
32,175,1,999,0,1.1,93.994,-36.4,4.855,5191.0,0,3630,7,1,3,0,0,0,1,6,2,1
26,215,3,999,0,1.4,93.91799999999999,-42.7,4.962,5228.1,0,1447,1,2,0,0,2,2,0,3,4,1
43,593,2,999,0,1.1,93.994,-36.4,4.857,5191.0,0,4091,1,1,0,1,2,2,1,6,3,1
31,248,1,999,0,1.1,93.994,-36.4,4.859,5191.0,0,3224,1,1,2,0,2,2,1,6,4,1
39,488,12,999,0,1.1,93.994,-36.4,4.859,5191.0,0,2974,1,1,1,0,0,0,1,6,4,1
52,219,1,999,0,1.4,94.465,-41.8,4.959,5228.1,0,2055,0,0,1,0,2,0,1,4,4,1
34,606,1,999,0,1.1,93.994,-36.4,4.859,5191.0,0,2362,1,1,2,0,0,0,1,6,4,1
40,90,4,999,0,1.4,93.444,-36.1,4.963,5228.1,0,2182,0,0,5,0,2,2,0,1,0,1
26,649,2,999,0,-1.8,92.89299999999999,-46.2,1.266,5099.1,0,1170,1,1,5,0,2,0,0,6,2,1
55,122,5,999,0,1.4,93.444,-36.1,4.963,5228.1,0,3416,4,1,6,0,0,0,0,1,2,1
43,1011,1,999,1,-0.1,93.2,-42.0,4.12,5195.8,1,3140,0,2,3,0,0,0,0,7,4,0
68,546,2,999,1,-1.7,94.215,-40.3,0.889,4991.6,1,1426,5,1,6,0,2,0,0,3,1,0
51,11,4,999,0,-0.1,93.2,-42.0,4.021,5195.8,0,568,1,1,3,0,0,0,0,7,0,1
43,458,6,999,0,-2.9,92.963,-40.8,1.281,5076.2,1,3981,1,1,1,0,2,0,0,4,1,1
34,36,1,999,0,1.4,93.444,-36.1,4.963,5228.1,0,520,9,1,5,0,2,0,0,1,0,1
31,212,2,3,6,-1.1,94.76700000000001,-50.8,1.048,4963.6,0,2123,0,2,6,0,0,2,0,7,4,2
32,158,5,999,0,1.4,93.444,-36.1,4.965,5228.1,0,1135,9,2,6,0,2,0,0,1,4,1
46,165,3,999,0,1.4,93.91799999999999,-42.7,4.968,5228.1,0,1553,9,0,5,0,2,0,0,3,2,1
31,768,1,999,0,1.4,93.444,-36.1,4.966,5228.1,1,75,9,2,3,0,2,2,0,1,3,1
30,78,1,999,0,1.4,93.444,-36.1,4.968,5228.1,0,1741,9,2,6,1,2,0,0,1,2,1
33,386,2,999,0,-0.1,93.2,-42.0,4.0760000000000005,5195.8,0,3612,0,1,6,1,2,0,0,7,2,1
59,119,4,999,0,-2.9,92.20100000000001,-31.4,0.879,5076.2,0,2714,9,1,6,0,0,0,0,1,4,1
33,117,1,999,0,-1.8,93.075,-47.1,1.415,5099.1,0,735,0,2,6,0,2,2,1,0,4,1
46,231,3,999,0,1.4,93.91799999999999,-42.7,4.961,5228.1,0,1618,9,0,5,0,0,0,0,3,3,1
36,225,2,999,1,-1.8,92.89299999999999,-46.2,1.281,5099.1,0,1509,9,2,5,0,2,0,0,6,4,0
48,122,5,999,0,1.4,93.91799999999999,-42.7,4.96,5228.1,0,3041,1,1,1,0,2,0,0,3,1,1
48,288,1,999,1,-1.7,94.215,-40.3,0.8759999999999999,4991.6,0,1056,9,1,5,0,0,0,0,3,3,0
49,151,1,999,0,1.4,93.444,-36.1,4.966,5228.1,0,445,0,1,3,0,0,0,0,1,0,1
46,98,6,999,0,1.4,93.91799999999999,-42.7,4.961,5228.1,0,2132,0,1,3,0,2,0,0,3,3,1
33,126,2,999,0,1.4,93.444,-36.1,4.962,5228.1,0,3817,10,2,6,0,0,0,0,1,2,1
51,121,1,999,0,-2.9,92.20100000000001,-31.4,0.8809999999999999,5076.2,0,1627,3,1,7,0,2,0,0,1,0,1
43,294,2,999,0,1.4,93.91799999999999,-42.7,4.958,5228.1,0,911,0,1,2,1,0,0,0,3,2,1
41,121,5,999,0,-1.8,92.89299999999999,-46.2,1.244,5099.1,0,3976,0,1,6,1,2,0,0,6,1,1
30,383,3,999,0,1.4,93.91799999999999,-42.7,4.961,5228.1,0,268,10,1,3,0,2,0,0,3,3,1
30,232,2,999,1,-1.8,92.89299999999999,-46.2,1.2990000000000002,5099.1,0,512,0,2,6,0,2,0,0,6,1,0
33,85,1,999,0,1.4,93.91799999999999,-42.7,4.962,5228.1,0,3681,6,2,5,0,2,0,0,3,3,1
32,87,5,999,0,-3.0,92.713,-33.0,0.715,5023.5,0,3982,8,1,3,0,2,0,1,2,4,1
54,296,1,999,0,-0.1,93.2,-42.0,4.021,5195.8,0,3714,5,0,6,0,0,0,0,7,0,1
32,108,3,999,0,-1.8,93.075,-47.1,1.479,5099.1,0,1182,1,1,2,0,1,1,1,0,0,1
38,47,5,999,0,1.1,93.994,-36.4,4.857,5191.0,0,3625,0,1,6,0,2,0,1,6,3,1
44,428,2,999,1,-1.8,92.89299999999999,-46.2,1.327,5099.1,0,3530,7,1,5,1,2,0,0,6,2,0
33,68,1,999,0,1.4,93.444,-36.1,4.963,5228.1,0,1153,0,1,3,1,2,0,0,1,3,1
57,374,1,2,1,-1.8,93.075,-47.1,1.365,5099.1,0,84,5,1,6,0,2,0,0,0,2,2
44,96,8,999,0,1.4,94.465,-41.8,4.96,5228.1,0,2818,4,0,6,0,2,0,1,4,1,1
59,61,1,999,1,-1.8,92.89299999999999,-46.2,1.266,5099.1,0,1999,6,1,6,0,2,0,0,6,3,0
44,83,3,999,0,1.1,93.994,-36.4,4.856,5191.0,0,257,0,1,3,0,0,0,1,6,4,1
52,38,2,999,0,-1.8,92.89299999999999,-46.2,1.3130000000000002,5099.1,0,4052,7,1,3,0,0,2,0,6,0,1
26,668,1,999,0,1.4,93.91799999999999,-42.7,4.962,5228.1,0,4027,0,2,3,0,2,2,0,3,4,1
42,168,1,999,0,1.4,93.444,-36.1,4.963,5228.1,0,1417,0,1,6,0,2,0,0,1,0,1
36,570,2,999,0,1.4,93.91799999999999,-42.7,4.962,5228.1,1,1405,0,1,6,0,2,0,0,3,4,1
32,891,4,999,0,1.4,93.91799999999999,-42.7,4.96,5228.1,1,1571,7,1,0,1,0,0,0,3,1,1
23,104,1,999,2,-1.7,94.215,-40.3,0.8809999999999999,4991.6,0,798,0,2,6,0,2,0,0,3,4,0
24,57,1,999,0,1.4,93.91799999999999,-42.7,4.963,5228.1,0,2807,8,2,0,0,2,2,1,3,0,1
27,102,9,999,0,1.4,93.91799999999999,-42.7,4.963,5228.1,0,253,9,1,5,0,0,0,0,3,2,1
30,180,3,999,1,-1.8,93.075,-47.1,1.405,5099.1,0,2052,0,2,3,0,2,0,0,0,1,0
32,233,1,999,0,1.4,93.444,-36.1,4.966,5228.1,0,2377,0,2,6,0,2,0,0,1,0,1
36,101,1,999,0,-1.8,92.89299999999999,-46.2,1.264,5099.1,0,2537,9,1,6,0,2,2,0,6,1,1
27,84,3,999,0,1.4,93.91799999999999,-42.7,4.968,5228.1,0,932,0,1,3,1,0,0,0,3,2,1
30,157,1,999,0,-0.1,93.2,-42.0,4.0760000000000005,5195.8,0,3888,0,1,6,1,2,0,0,7,2,1
59,29,9,999,0,1.1,93.994,-36.4,4.86,5191.0,0,717,0,1,6,0,2,2,1,6,2,1
34,93,1,999,0,-1.8,92.84299999999999,-50.0,1.629,5099.1,0,1498,9,1,5,0,2,0,0,5,1,1
56,106,1,999,0,1.4,93.444,-36.1,4.965,5228.1,0,3425,11,1,0,0,2,0,0,1,1,1
55,304,4,999,0,1.4,93.444,-36.1,4.965,5228.1,0,3431,1,1,2,1,2,0,0,1,1,1
29,16,7,999,0,-1.8,92.89299999999999,-46.2,1.266,5099.1,0,2767,1,1,1,0,0,0,0,6,2,1
27,471,1,999,0,1.4,94.465,-41.8,4.967,5228.1,0,3739,8,2,3,1,0,0,1,4,0,1
36,102,3,999,0,1.4,94.465,-41.8,4.961,5228.1,0,362,1,1,5,1,2,2,1,4,3,1
33,117,6,999,0,-0.1,93.2,-42.0,4.0760000000000005,5195.8,0,1196,7,1,3,1,0,0,0,7,2,1
33,87,2,999,2,-1.8,93.075,-47.1,1.405,5099.1,0,3004,1,1,3,0,0,0,0,0,1,0
32,757,1,999,1,-1.8,92.89299999999999,-46.2,1.25,5099.1,0,4073,1,1,5,0,2,0,0,6,0,0
24,101,6,999,0,1.1,93.994,-36.4,4.855,5191.0,0,287,1,1,2,0,2,2,1,6,0,1
57,144,1,999,0,1.1,93.994,-36.4,4.86,5191.0,0,3121,1,1,0,1,2,0,1,6,2,1
52,643,2,999,0,1.1,93.994,-36.4,4.857,5191.0,0,1392,0,1,3,0,0,0,1,6,4,1
31,1319,5,999,0,1.4,93.91799999999999,-42.7,4.958,5228.1,1,582,9,1,2,0,0,2,0,3,2,1
37,674,3,999,0,1.4,93.91799999999999,-42.7,4.957,5228.1,1,2977,9,1,5,0,0,2,0,3,0,1
23,136,3,999,1,-1.8,92.89299999999999,-46.2,1.25,5099.1,0,2382,1,2,5,0,2,0,0,6,0,0
80,720,5,999,1,-3.0,92.713,-33.0,0.718,5023.5,0,3655,5,0,0,0,0,2,0,2,0,0
29,228,3,999,0,1.4,93.444,-36.1,4.968,5228.1,0,988,0,2,6,0,2,0,0,1,2,1
41,327,2,999,0,1.4,94.465,-41.8,4.8660000000000005,5228.1,0,3922,1,1,2,0,0,2,1,4,2,1
56,287,3,999,0,-0.1,93.2,-42.0,4.12,5195.8,0,2190,4,0,6,0,0,0,0,7,4,1
35,123,3,999,0,1.4,93.444,-36.1,4.965,5228.1,0,1264,4,0,6,0,1,1,0,1,1,1
35,636,1,999,0,1.4,94.465,-41.8,4.8660000000000005,5228.1,0,3022,1,1,0,0,0,0,1,4,2,1
53,51,4,999,0,1.4,93.444,-36.1,4.965,5228.1,0,481,11,1,7,1,0,0,0,1,1,1
41,239,1,999,0,-1.8,92.89299999999999,-46.2,1.25,5099.1,0,513,1,1,3,0,2,0,0,6,0,1
44,390,2,999,0,1.4,93.444,-36.1,4.966,5228.1,0,2500,9,1,3,0,2,2,0,1,0,1
42,228,1,999,0,1.4,94.465,-41.8,4.864,5228.1,0,2390,9,1,6,1,0,0,1,4,3,1
37,75,1,999,0,-0.1,93.2,-42.0,4.0760000000000005,5195.8,0,2616,1,0,5,0,2,0,0,7,2,1
38,328,2,999,0,-2.9,92.20100000000001,-31.4,0.873,5076.2,0,1459,4,1,6,0,2,0,0,1,2,1
33,88,4,999,0,1.4,93.91799999999999,-42.7,4.961,5228.1,0,1177,0,1,3,1,2,0,0,3,3,1
47,475,2,999,0,-0.1,93.2,-42.0,4.12,5195.8,0,1859,3,0,0,1,2,2,1,7,4,1
40,94,4,999,0,1.4,93.91799999999999,-42.7,4.963,5228.1,0,2698,4,2,3,0,0,0,0,3,4,1
26,188,1,999,0,1.1,93.994,-36.4,4.856,5191.0,0,1244,7,2,3,0,2,0,1,6,3,1
28,1128,3,999,0,1.1,93.994,-36.4,4.859,5191.0,0,3367,0,2,6,0,2,0,1,6,0,1
49,122,5,999,0,1.4,94.465,-41.8,4.959,5228.1,0,1596,1,0,0,1,0,0,1,4,4,1
53,372,2,999,0,-1.8,93.075,-47.1,1.405,5099.1,0,3460,3,1,1,1,1,1,0,0,1,1
36,155,11,999,0,1.4,93.444,-36.1,4.9639999999999995,5228.1,0,4108,0,1,6,1,2,0,0,1,4,1
58,40,2,999,0,1.4,94.465,-41.8,4.8660000000000005,5228.1,0,56,2,0,6,0,0,0,1,4,2,1
34,204,5,999,0,-1.8,93.075,-47.1,1.405,5099.1,0,2398,1,0,0,0,0,0,0,0,0,1
34,91,1,999,0,1.1,93.994,-36.4,4.859,5191.0,0,3462,9,0,5,0,0,0,1,6,4,1
52,90,4,999,0,1.1,93.994,-36.4,4.857,5191.0,0,1604,6,1,2,1,2,0,1,6,3,1
57,166,2,999,0,-2.9,92.963,-40.8,1.266,5076.2,1,2112,5,1,5,0,2,0,0,4,1,1
29,80,1,999,0,1.4,93.444,-36.1,4.965,5228.1,0,2727,9,1,6,0,0,2,0,1,4,1
37,93,4,999,0,-1.8,93.075,-47.1,1.405,5099.1,0,1670,1,1,5,0,2,0,0,0,1,1
80,382,1,3,3,-1.8,93.876,-40.0,0.6970000000000001,5008.7,1,1592,5,1,0,0,0,0,0,6,1,2
30,142,2,999,0,1.4,93.444,-36.1,4.963,5228.1,0,1727,0,1,6,1,2,0,0,1,1,1
32,87,4,999,0,1.4,93.444,-36.1,4.965,5228.1,0,2107,3,1,0,0,2,0,0,1,1,1
30,100,1,999,0,1.4,94.465,-41.8,4.959,5228.1,0,206,1,2,1,1,2,0,1,4,4,1
42,332,2,999,0,1.1,93.994,-36.4,4.856,5191.0,0,3264,1,1,0,1,0,0,1,6,4,1
34,107,2,999,0,-0.1,93.2,-42.0,4.12,5195.8,0,2290,9,1,5,0,2,0,0,7,4,1
46,93,1,999,0,1.4,93.91799999999999,-42.7,4.96,5228.1,0,3210,4,2,6,0,2,0,0,3,1,1
43,426,1,999,1,-1.8,92.89299999999999,-46.2,1.291,5099.1,1,2183,9,1,6,1,1,1,0,6,3,0
59,24,16,999,0,1.1,93.994,-36.4,4.86,5191.0,0,2252,9,1,1,1,0,0,1,6,2,1
24,332,1,999,1,-1.8,93.075,-47.1,1.405,5099.1,0,2388,9,0,5,0,0,0,0,0,0,0
41,1138,1,999,0,1.1,93.994,-36.4,4.856,5191.0,1,1748,2,1,6,0,2,0,1,6,4,1
57,73,10,999,0,1.4,93.91799999999999,-42.7,4.962,5228.1,0,2569,0,1,6,0,2,0,0,3,2,1
45,468,1,999,0,1.4,93.91799999999999,-42.7,4.968,5228.1,0,3024,0,1,6,0,0,2,0,3,2,1
40,97,1,999,0,1.4,94.465,-41.8,4.967,5228.1,0,2664,0,2,3,0,0,0,1,4,0,1
57,111,1,999,0,1.1,93.994,-36.4,4.859,5191.0,0,3432,4,0,6,0,0,0,1,6,0,1
41,228,1,999,1,-1.1,94.199,-37.5,0.879,4963.6,0,852,0,1,7,0,2,0,0,9,2,0
31,132,1,999,0,1.4,93.444,-36.1,4.963,5228.1,0,474,9,0,6,0,2,0,0,1,2,1
32,131,1,999,0,-2.9,92.20100000000001,-31.4,0.8809999999999999,5076.2,0,628,0,1,6,0,2,2,0,1,0,1
59,340,1,999,1,-2.9,92.963,-40.8,1.26,5076.2,1,2726,1,1,0,1,0,0,0,4,4,0
37,609,2,7,3,-1.7,94.215,-40.3,0.782,4991.6,1,1273,0,2,3,0,0,0,0,3,2,2
57,162,1,999,0,1.1,93.994,-36.4,4.857,5191.0,0,3281,0,0,3,0,0,0,1,6,0,1
37,62,3,999,0,1.1,93.994,-36.4,4.864,5191.0,0,1940,9,2,6,0,0,0,1,6,0,1
30,408,1,999,0,1.1,93.994,-36.4,4.857,5191.0,0,756,1,2,7,0,2,2,1,6,1,1
24,582,2,999,0,-1.8,92.89299999999999,-46.2,1.25,5099.1,0,1926,9,2,5,0,0,0,0,6,0,1
23,251,1,999,0,1.4,93.91799999999999,-42.7,4.957,5228.1,0,497,1,2,3,0,0,0,0,3,4,1
35,782,2,999,0,1.4,94.465,-41.8,4.961,5228.1,0,3583,1,1,2,0,0,2,1,4,1,1
32,255,1,999,0,1.4,93.91799999999999,-42.7,4.963,5228.1,1,262,9,1,5,0,2,0,0,3,2,1
37,415,1,999,0,1.1,93.994,-36.4,4.857,5191.0,0,637,4,2,6,0,2,0,1,6,0,1
30,246,3,999,0,-0.1,93.2,-42.0,4.12,5195.8,0,153,0,1,3,1,2,0,0,7,4,1
30,196,1,999,0,-0.1,93.2,-42.0,4.1530000000000005,5195.8,0,3537,4,1,6,0,2,2,0,7,3,1
35,212,1,999,2,-1.1,94.76700000000001,-50.8,1.05,4963.6,0,1666,1,1,2,0,2,0,0,7,1,0
29,215,1,999,0,-1.8,93.369,-34.8,0.639,5008.7,1,316,0,2,6,0,2,0,0,5,1,1
28,60,3,999,0,1.4,93.91799999999999,-42.7,4.961,5228.1,0,2105,0,1,3,1,0,0,0,3,3,1
37,271,1,999,0,-1.8,92.89299999999999,-46.2,1.327,5099.1,0,2588,1,1,2,0,2,0,0,6,2,1
51,280,2,999,1,-2.9,92.963,-40.8,1.26,5076.2,1,1001,10,1,1,0,0,0,0,4,2,0
21,259,1,999,1,-2.9,92.20100000000001,-31.4,0.884,5076.2,0,201,8,2,3,0,0,0,0,1,3,0
34,468,1,999,0,1.4,93.444,-36.1,4.965,5228.1,0,782,9,2,5,0,0,0,0,1,1,1
37,100,1,999,0,-2.9,92.963,-40.8,1.262,5076.2,0,1050,10,3,6,0,0,0,0,4,3,1
44,121,2,999,0,1.4,93.91799999999999,-42.7,4.961,5228.1,0,3933,9,0,5,0,2,0,0,3,3,1
59,1438,2,999,0,1.1,93.994,-36.4,4.857,5191.0,0,3576,9,1,5,0,2,0,1,6,0,1
27,176,2,999,1,-1.8,92.89299999999999,-46.2,1.291,5099.1,0,2933,1,2,0,0,0,0,0,6,3,0
34,481,1,999,0,1.4,93.91799999999999,-42.7,4.963,5228.1,0,1100,9,1,3,0,0,0,0,3,2,1
60,481,1,999,1,-1.1,94.199,-37.5,0.8859999999999999,4963.6,1,60,0,0,5,0,2,0,0,9,4,0
30,292,2,999,0,1.4,93.91799999999999,-42.7,4.957,5228.1,0,3241,9,1,5,0,2,2,0,3,0,1
29,333,2,999,0,1.4,93.91799999999999,-42.7,4.96,5228.1,0,3496,0,2,6,0,2,0,0,3,1,1
34,35,1,999,0,1.4,94.465,-41.8,4.961,5228.1,0,2101,1,1,1,1,0,2,1,4,1,1
32,184,4,999,0,-1.8,92.89299999999999,-46.2,1.2990000000000002,5099.1,0,2957,2,1,2,0,0,0,0,6,1,1
33,135,2,999,0,1.1,93.994,-36.4,4.857,5191.0,0,2755,2,1,6,0,2,0,1,6,0,1
36,171,11,999,0,1.4,93.444,-36.1,4.9639999999999995,5228.1,0,3118,0,1,3,0,2,0,0,1,0,1
50,160,1,999,0,-1.8,93.075,-47.1,1.4,5099.1,1,2648,0,1,6,0,2,0,0,0,0,1
36,115,3,999,0,-1.8,92.89299999999999,-46.2,1.327,5099.1,0,2910,1,1,2,0,0,0,0,6,2,1
53,600,4,999,0,-1.8,92.89299999999999,-46.2,1.291,5099.1,0,1938,6,1,2,0,2,0,0,6,3,1
48,119,2,999,0,1.4,94.465,-41.8,4.96,5228.1,0,1722,10,0,0,0,0,2,1,4,1,1
36,193,1,999,0,-1.8,92.89299999999999,-46.2,1.2990000000000002,5099.1,0,1516,1,1,1,0,0,0,0,6,1,1
34,102,2,999,0,-0.1,93.2,-42.0,4.12,5195.8,0,501,0,1,1,0,2,2,0,7,4,1
38,119,3,999,0,1.4,93.444,-36.1,4.963,5228.1,0,3908,9,1,5,0,2,0,0,1,0,1
30,25,1,999,0,1.1,93.994,-36.4,4.856,5191.0,0,498,0,2,6,0,0,0,1,6,4,1
29,34,8,999,0,-1.8,92.89299999999999,-46.2,1.281,5099.1,0,506,1,1,5,0,0,0,1,6,4,1
25,59,3,999,0,1.4,93.91799999999999,-42.7,4.958,5228.1,0,994,1,1,1,1,2,0,0,3,2,1
39,32,1,999,0,1.1,93.994,-36.4,4.856,5191.0,0,3609,1,0,1,1,2,2,1,6,4,1
50,1353,2,999,0,-3.4,92.37899999999999,-29.8,0.7490000000000001,5017.5,0,1311,9,1,6,0,2,2,0,9,4,1
30,103,2,999,0,1.4,93.444,-36.1,4.968,5228.1,0,542,9,2,6,1,2,0,0,1,2,1
35,104,4,999,1,-1.8,92.89299999999999,-46.2,1.3130000000000002,5099.1,0,3716,7,1,3,0,2,0,0,6,0,0
36,166,1,999,0,1.1,93.994,-36.4,4.855,5191.0,0,2242,1,1,1,1,0,0,1,6,2,1
32,154,1,999,0,1.4,93.91799999999999,-42.7,4.963,5228.1,0,2446,0,1,3,0,2,0,0,3,4,1
35,145,1,999,0,1.1,93.994,-36.4,4.857,5191.0,0,1111,5,2,2,1,2,2,1,6,1,1
40,22,5,999,0,-0.1,93.2,-42.0,4.0760000000000005,5195.8,0,1017,1,1,0,1,0,0,0,7,2,1
30,77,9,999,0,1.4,93.444,-36.1,4.963,5228.1,0,3061,0,0,6,0,2,0,0,1,0,1
60,338,2,999,0,-1.1,94.601,-49.5,1.0,4963.6,0,2997,5,1,6,0,2,0,0,8,1,1
33,226,4,999,0,1.4,93.444,-36.1,4.966,5228.1,0,3475,0,2,6,0,2,0,0,1,3,1
54,249,6,999,0,1.4,94.465,-41.8,4.967,5228.1,0,1830,2,1,2,0,0,2,1,4,0,1
39,217,3,999,0,1.4,93.444,-36.1,4.968,5228.1,0,526,0,1,6,0,2,0,0,1,2,1
29,168,4,999,1,-1.8,92.89299999999999,-46.2,1.281,5099.1,0,953,1,0,2,0,2,0,0,6,4,0
35,288,2,999,0,1.4,94.465,-41.8,4.959,5228.1,0,1397,1,1,2,1,2,0,1,4,0,1
44,271,2,999,1,-1.8,93.075,-47.1,1.466,5099.1,0,605,1,1,3,0,0,0,0,0,1,0
28,454,6,999,1,-3.0,92.713,-33.0,0.71,5023.5,0,764,0,2,6,0,2,2,0,2,0,0
44,158,7,999,0,1.1,93.994,-36.4,4.857,5191.0,0,3290,0,2,6,0,2,0,1,6,1,1
25,835,1,999,0,1.4,93.91799999999999,-42.7,4.957,5228.1,0,3723,0,2,6,0,0,0,0,3,0,1
60,130,2,999,0,-2.9,92.20100000000001,-31.4,0.883,5076.2,0,457,2,1,7,0,0,0,0,1,2,1
37,320,2,999,0,1.1,93.994,-36.4,4.859,5191.0,0,1049,7,2,2,0,2,0,1,6,0,1
51,295,3,999,0,-2.9,92.963,-40.8,1.215,5076.2,0,2459,0,1,6,0,0,0,1,4,1,1
34,20,1,999,0,1.1,93.994,-36.4,4.855,5191.0,0,2002,0,1,3,0,2,2,1,6,0,1
37,184,3,999,0,1.4,93.91799999999999,-42.7,4.963,5228.1,0,3491,1,1,2,0,2,2,0,3,4,1
27,119,3,999,0,1.4,93.91799999999999,-42.7,4.96,5228.1,0,3082,1,1,2,1,2,2,0,3,1,1
40,160,3,999,0,1.1,93.994,-36.4,4.857,5191.0,0,337,0,1,3,0,0,0,1,6,1,1
29,259,1,999,0,1.4,93.91799999999999,-42.7,4.963,5228.1,0,476,9,2,6,0,0,0,0,3,4,1
56,185,2,999,0,1.1,93.994,-36.4,4.855,5191.0,0,1810,7,0,3,1,0,0,1,6,0,1
29,430,1,999,0,1.1,93.994,-36.4,4.86,5191.0,0,2860,7,2,3,0,2,0,1,6,2,1
34,64,4,999,0,1.4,93.91799999999999,-42.7,4.963,5228.1,0,873,9,1,5,1,2,0,0,3,4,1
33,247,1,999,0,1.4,94.465,-41.8,4.958,5228.1,0,4010,11,1,7,1,2,0,1,4,4,1
34,175,1,999,0,-0.1,93.2,-42.0,4.12,5195.8,0,4119,4,2,3,0,2,0,0,7,4,1
26,15,7,999,0,-1.8,92.89299999999999,-46.2,1.291,5099.1,0,985,0,2,6,0,2,2,0,6,3,1
32,384,1,999,0,-2.9,92.963,-40.8,1.262,5076.2,1,3890,0,1,6,0,2,2,0,4,3,1
34,7,1,999,0,-1.7,94.055,-39.8,0.7020000000000001,4991.6,0,109,1,1,2,0,0,0,1,4,3,1
27,111,1,999,0,-1.7,94.027,-38.3,0.9,4991.6,0,279,8,2,2,0,2,0,0,1,4,1
44,260,1,999,0,1.4,93.444,-36.1,4.965,5228.1,0,2749,4,1,2,0,2,0,0,1,4,1
30,355,2,999,0,1.1,93.994,-36.4,4.859,5191.0,0,1346,0,1,6,0,2,0,1,6,0,1
28,373,2,999,0,-2.9,92.963,-40.8,1.266,5076.2,0,2679,6,2,6,0,0,0,0,4,1,1
30,231,1,999,0,1.4,93.91799999999999,-42.7,4.962,5228.1,0,1423,9,1,6,1,2,0,0,3,3,1
31,70,8,999,0,1.4,94.465,-41.8,4.961,5228.1,0,2480,1,1,5,0,0,0,1,4,3,1
77,160,1,3,6,-1.7,94.027,-38.3,0.905,4991.6,1,590,4,1,7,0,2,0,0,1,0,2
33,742,2,999,0,1.1,93.994,-36.4,4.864,5191.0,0,2125,6,2,0,0,2,0,1,6,0,1
41,780,3,999,0,1.4,94.465,-41.8,4.947,5228.1,0,3600,1,2,7,1,0,0,1,4,1,1
32,77,2,999,0,-0.1,93.2,-42.0,4.12,5195.8,0,1137,1,2,3,0,1,1,0,7,4,1
39,171,1,999,0,-0.1,93.79799999999999,-40.4,4.921,5195.8,1,2154,9,1,5,0,0,0,1,8,2,1
34,377,1,999,0,-1.8,93.075,-47.1,1.405,5099.1,0,1798,1,1,5,0,2,0,0,0,0,1
44,96,2,4,1,-2.9,92.20100000000001,-31.4,0.879,5076.2,0,2273,0,1,6,0,0,0,0,1,4,2
26,230,3,999,0,1.4,94.465,-41.8,4.865,5228.1,1,3119,1,1,2,0,0,0,1,4,1,1
58,216,2,999,0,1.4,93.91799999999999,-42.7,4.961,5228.1,0,3146,5,1,0,0,2,0,0,3,3,1
33,807,3,999,1,-1.8,92.89299999999999,-46.2,1.291,5099.1,0,666,1,2,0,0,0,2,0,6,3,0
41,216,1,999,0,1.1,93.994,-36.4,4.856,5191.0,0,528,1,1,2,0,0,0,1,6,3,1
31,244,1,999,0,-1.8,92.89299999999999,-46.2,1.354,5099.1,0,3605,0,2,6,0,2,0,0,6,1,1
31,984,1,999,0,-0.1,93.2,-42.0,4.191,5195.8,1,2304,9,2,6,0,2,0,0,7,1,1
45,268,2,999,0,1.4,93.91799999999999,-42.7,4.962,5228.1,0,2240,0,1,1,0,0,2,0,3,0,1
60,105,3,999,0,1.4,93.91799999999999,-42.7,4.963,5228.1,0,2496,1,0,0,1,0,0,0,3,4,1
51,98,1,999,0,1.1,93.994,-36.4,4.856,5191.0,0,1269,2,1,6,0,0,0,1,6,4,1
27,51,5,999,0,1.1,93.994,-36.4,4.857,5191.0,0,3560,1,1,0,0,2,0,1,6,1,1
40,286,1,999,0,1.4,93.444,-36.1,4.965,5228.1,0,539,4,1,3,0,2,0,0,1,4,1
30,988,1,999,0,1.4,93.91799999999999,-42.7,4.963,5228.1,1,472,1,1,2,0,0,0,0,3,4,1
28,113,1,999,0,1.4,93.91799999999999,-42.7,4.96,5228.1,0,152,1,1,0,0,2,0,0,3,1,1
47,93,1,999,0,1.1,93.994,-36.4,4.855,5191.0,0,2652,1,1,1,0,2,2,1,6,2,1
58,244,2,999,0,1.4,93.444,-36.1,4.97,5228.1,0,2956,5,1,5,1,0,0,0,1,1,1
41,432,1,999,0,-1.8,92.89299999999999,-46.2,1.25,5099.1,0,2859,1,1,1,0,2,0,0,6,0,1
51,228,1,999,2,-1.1,94.199,-37.5,0.883,4963.6,0,2875,10,1,3,0,1,1,1,9,0,0
33,659,1,999,0,-1.8,92.89299999999999,-46.2,1.344,5099.1,0,748,0,2,3,0,2,0,0,6,3,1
76,344,1,999,1,-2.9,92.20100000000001,-31.4,0.873,5076.2,0,2886,5,1,6,0,2,0,0,1,2,0
42,295,1,999,0,1.4,93.91799999999999,-42.7,4.962,5228.1,0,3996,0,2,3,0,0,2,0,3,0,1
30,514,7,999,0,1.4,93.444,-36.1,4.963,5228.1,0,2478,0,1,6,0,0,0,0,1,1,1
31,829,1,999,1,-1.8,92.89299999999999,-46.2,1.281,5099.1,1,2244,1,0,3,0,2,0,0,6,4,0
49,138,1,999,0,-2.9,92.20100000000001,-31.4,0.883,5076.2,0,2458,4,0,6,0,2,2,0,1,3,1
30,148,2,999,0,-2.9,92.20100000000001,-31.4,0.873,5076.2,1,3423,7,2,3,0,2,0,0,1,2,1
32,549,2,999,0,1.4,93.91799999999999,-42.7,4.96,5228.1,0,853,0,1,3,0,0,0,0,3,1,1
32,290,4,999,0,-1.1,94.199,-37.5,0.879,4963.6,0,7,0,2,6,0,2,0,0,9,1,1
54,28,10,999,0,1.4,93.444,-36.1,4.9639999999999995,5228.1,0,2887,0,1,3,0,0,0,0,1,4,1
36,427,1,999,0,1.1,93.994,-36.4,4.857,5191.0,0,1072,7,1,3,1,0,0,1,6,1,1
31,421,1,999,0,1.4,93.91799999999999,-42.7,4.963,5228.1,0,3076,1,1,1,0,0,0,0,3,4,1
57,12,5,999,0,1.4,94.465,-41.8,4.959,5228.1,0,788,5,1,6,0,2,0,1,4,0,1
76,126,1,999,1,-1.7,94.027,-38.3,0.899,4991.6,0,43,5,1,6,0,0,0,0,1,2,0
39,106,1,999,0,1.4,94.465,-41.8,4.958,5228.1,0,3302,0,0,5,0,2,2,1,4,2,1
58,244,1,999,0,1.1,93.994,-36.4,4.8580000000000005,5191.0,0,3361,0,0,6,0,2,0,1,6,4,1
58,83,2,999,0,1.4,93.444,-36.1,4.965,5228.1,0,2539,6,1,2,0,0,0,0,1,3,1
53,362,1,9,2,-1.8,93.369,-34.8,0.643,5008.7,1,3437,1,2,2,0,1,1,0,5,2,2
30,229,2,999,0,-0.1,93.2,-42.0,4.1530000000000005,5195.8,0,778,0,2,3,0,1,1,0,7,3,1
42,59,2,999,0,-0.1,93.2,-42.0,4.0760000000000005,5195.8,0,863,4,1,3,0,0,0,0,7,2,1
50,153,3,999,0,1.1,93.994,-36.4,4.856,5191.0,0,897,6,1,0,1,1,1,1,6,4,1
46,89,3,999,1,-1.8,93.075,-47.1,1.405,5099.1,0,3767,2,2,6,0,0,0,0,0,1,0
31,80,1,999,1,-1.8,92.89299999999999,-46.2,1.281,5099.1,0,3002,0,2,2,0,0,0,1,6,4,0
39,158,2,999,0,-1.8,92.89299999999999,-46.2,1.266,5099.1,0,2748,2,1,2,1,2,2,0,6,2,1
49,565,1,999,0,1.1,93.994,-36.4,4.86,5191.0,0,2253,3,1,5,0,0,0,1,6,2,1
46,153,2,999,0,1.4,93.91799999999999,-42.7,4.962,5228.1,0,908,4,1,6,0,0,2,0,3,0,1
37,166,4,999,0,1.1,93.994,-36.4,4.857,5191.0,0,615,0,1,3,0,2,0,1,6,1,1
32,73,4,999,0,-0.1,93.2,-42.0,4.0760000000000005,5195.8,0,356,2,1,6,0,0,0,0,7,2,1
49,107,3,999,0,1.1,93.994,-36.4,4.857,5191.0,0,2144,9,1,6,0,0,0,1,6,1,1
29,14,5,999,0,1.4,93.444,-36.1,4.966,5228.1,0,3480,0,1,6,0,0,2,0,1,0,1
55,163,1,999,1,-1.8,92.89299999999999,-46.2,1.2990000000000002,5099.1,0,2281,1,0,0,1,2,2,0,6,1,0
30,433,2,999,0,1.4,93.444,-36.1,4.966,5228.1,0,856,9,2,6,0,2,2,0,1,3,1
33,789,1,999,0,1.1,93.994,-36.4,4.855,5191.0,0,3657,7,2,3,0,2,0,1,6,2,1
32,415,2,999,0,-1.7,94.215,-40.3,0.846,4991.6,1,2037,7,2,7,0,0,2,0,3,2,1
52,143,4,999,0,1.4,93.91799999999999,-42.7,4.962,5228.1,0,1255,5,1,0,1,1,1,0,3,2,1
40,141,3,999,0,1.4,93.91799999999999,-42.7,4.96,5228.1,0,2094,9,1,2,1,0,0,0,3,1,1
45,207,1,999,0,1.1,93.994,-36.4,4.856,5191.0,0,2257,1,1,2,1,2,2,1,6,4,1
53,264,1,999,0,1.1,93.994,-36.4,4.864,5191.0,0,1441,9,1,5,1,2,0,1,6,0,1
33,35,6,999,0,-1.8,92.89299999999999,-46.2,1.344,5099.1,0,938,4,1,6,0,2,0,0,6,3,1
45,651,4,999,0,-1.8,93.075,-47.1,1.415,5099.1,0,1616,7,1,3,0,2,0,0,0,4,1
25,112,1,999,1,-2.9,92.469,-33.6,1.044,5076.2,0,2292,8,2,3,0,2,0,0,3,3,0
41,206,3,999,0,-1.8,92.89299999999999,-46.2,1.327,5099.1,0,3015,7,2,7,0,2,0,0,6,2,1
31,259,2,999,0,-1.8,92.89299999999999,-46.2,1.344,5099.1,0,2072,0,0,6,0,2,0,1,6,3,1
43,73,1,999,0,1.1,93.994,-36.4,4.859,5191.0,0,986,1,1,7,1,0,2,1,6,4,1
59,142,1,999,0,1.4,93.91799999999999,-42.7,4.963,5228.1,0,1239,9,0,2,0,2,0,0,3,4,1
51,657,1,999,0,-2.9,92.963,-40.8,1.268,5076.2,1,3481,9,2,6,0,0,0,0,4,0,1
46,60,3,999,0,1.1,93.994,-36.4,4.857,5191.0,0,1000,7,1,3,0,0,0,1,6,3,1
27,81,2,999,0,1.4,93.91799999999999,-42.7,4.961,5228.1,0,2184,0,2,2,0,2,2,0,3,3,1
39,157,5,999,0,1.4,93.91799999999999,-42.7,4.961,5228.1,0,1620,1,1,0,1,2,2,0,3,3,1
40,49,1,999,0,1.4,94.465,-41.8,4.961,5228.1,0,3458,7,1,1,1,0,0,1,4,1,1
34,281,2,999,1,-1.8,92.89299999999999,-46.2,1.2990000000000002,5099.1,0,1149,1,2,2,0,0,0,0,6,1,0
35,224,3,999,0,-2.9,92.20100000000001,-31.4,0.8690000000000001,5076.2,0,2475,9,1,6,0,0,0,0,1,0,1
47,227,3,999,0,1.4,93.444,-36.1,4.9639999999999995,5228.1,0,3664,1,1,7,1,2,0,0,1,2,1
60,59,3,999,0,1.1,93.994,-36.4,4.857,5191.0,0,2487,1,1,5,0,0,0,1,6,3,1
29,468,2,999,1,-1.8,92.89299999999999,-46.2,1.3130000000000002,5099.1,0,2591,4,2,6,0,2,0,0,6,0,0
34,62,1,999,0,-2.9,92.963,-40.8,1.266,5076.2,0,1898,0,2,6,0,0,0,0,4,1,1
47,767,3,999,0,-1.1,94.601,-49.5,1.0,4963.6,1,2967,0,2,6,0,0,0,0,8,1,1
54,193,1,999,0,1.4,93.91799999999999,-42.7,4.962,5228.1,0,4022,9,1,3,1,2,2,1,3,2,1
24,545,2,999,0,1.4,93.91799999999999,-42.7,4.963,5228.1,0,488,1,2,2,0,2,0,0,3,0,1
28,22,5,999,0,-1.8,92.89299999999999,-46.2,1.25,5099.1,0,896,2,1,2,1,0,0,0,6,0,1
38,218,1,999,0,-1.8,93.075,-47.1,1.41,5099.1,0,3285,1,1,2,0,2,0,0,0,2,1
31,715,1,999,0,1.4,93.91799999999999,-42.7,4.957,5228.1,0,2011,1,1,2,0,0,0,0,3,4,1
41,677,1,999,0,1.1,93.994,-36.4,4.857,5191.0,0,1388,9,1,5,1,0,0,1,6,1,1
37,364,1,999,1,-3.4,92.431,-26.9,0.742,5017.5,1,1822,9,1,6,0,2,0,0,8,4,0
32,459,1,999,0,-1.8,92.89299999999999,-46.2,1.281,5099.1,1,2436,1,1,1,1,2,0,0,6,4,1
42,1311,2,999,0,1.4,93.444,-36.1,4.968,5228.1,1,3259,0,1,6,0,2,0,0,1,3,1
33,155,1,999,0,1.4,94.465,-41.8,4.958,5228.1,0,596,1,0,2,0,2,0,1,4,2,1
36,117,4,999,0,1.1,93.994,-36.4,4.859,5191.0,0,414,0,2,6,1,0,0,1,6,4,1
40,155,3,999,0,-3.4,92.37899999999999,-29.8,0.773,5017.5,0,850,10,1,5,0,2,0,0,9,0,1
45,305,1,999,0,-1.8,92.89299999999999,-46.2,1.2990000000000002,5099.1,0,3741,4,1,2,1,2,0,0,6,1,1
39,123,2,999,0,1.4,93.444,-36.1,4.9639999999999995,5228.1,0,3033,3,1,0,0,2,2,0,1,0,1
41,278,1,999,0,-1.1,94.601,-49.5,0.9420000000000001,4963.6,0,715,5,2,0,0,2,0,0,8,0,1
28,402,1,999,0,-1.8,92.89299999999999,-46.2,1.327,5099.1,0,3737,9,1,6,0,2,0,0,6,2,1
34,9,14,999,0,1.4,94.465,-41.8,4.959,5228.1,0,1266,7,1,3,0,0,0,1,4,0,1
56,202,5,999,0,1.4,93.444,-36.1,4.965,5228.1,0,3652,5,1,5,0,2,0,0,1,1,1
45,19,23,999,0,1.4,93.91799999999999,-42.7,4.962,5228.1,0,2989,7,1,5,0,2,0,0,3,1,1
51,343,1,999,0,1.1,93.994,-36.4,4.859,5191.0,0,1508,0,1,1,1,2,0,1,6,0,1
32,89,5,999,0,1.4,93.91799999999999,-42.7,4.961,5228.1,0,3129,1,1,2,1,0,0,1,3,3,1
33,1161,4,999,0,1.1,93.994,-36.4,4.8580000000000005,5191.0,0,130,6,0,7,0,0,0,1,6,4,1
46,257,1,999,0,1.4,93.91799999999999,-42.7,4.959,5228.1,0,1789,1,1,7,0,2,0,1,3,0,1
42,474,1,999,0,1.1,93.994,-36.4,4.857,5191.0,0,1856,9,0,2,0,0,0,1,6,3,1
32,1067,2,999,0,-0.1,93.2,-42.0,4.021,5195.8,0,1589,4,1,6,0,2,2,0,7,0,1
35,121,4,999,0,-2.9,92.963,-40.8,1.26,5076.2,1,1120,0,1,6,0,0,0,0,4,2,1
31,32,2,999,0,-1.8,92.89299999999999,-46.2,1.244,5099.1,0,3721,7,1,3,0,2,0,0,6,1,1
35,120,3,999,0,1.4,93.91799999999999,-42.7,4.96,5228.1,0,4040,2,2,6,0,0,0,0,3,1,1
35,221,2,999,0,1.1,93.994,-36.4,4.859,5191.0,0,1404,0,0,6,0,2,0,1,6,0,1
30,173,1,999,0,1.4,93.91799999999999,-42.7,4.962,5228.1,0,3978,1,1,2,0,0,2,0,3,4,1
25,56,1,999,0,1.1,93.994,-36.4,4.864,5191.0,0,326,0,1,6,0,0,0,1,6,0,1
41,120,3,999,0,1.4,93.91799999999999,-42.7,4.962,5228.1,0,2680,0,1,2,0,2,0,1,3,4,1
50,73,7,999,0,1.4,93.91799999999999,-42.7,4.968,5228.1,0,1248,6,1,5,0,0,0,0,3,2,1
30,165,4,999,0,1.1,93.994,-36.4,4.857,5191.0,0,3493,9,1,6,0,0,0,1,6,1,1
29,88,2,999,0,1.4,93.444,-36.1,4.9639999999999995,5228.1,0,2761,0,2,6,0,2,0,0,1,4,1
26,71,1,999,0,1.4,94.465,-41.8,4.864,5228.1,0,2435,1,1,2,0,2,0,1,4,4,1
58,825,1,999,0,1.1,93.994,-36.4,4.855,5191.0,0,2792,5,0,6,0,2,0,1,6,0,1
41,79,8,999,0,1.1,93.994,-36.4,4.856,5191.0,0,1821,9,2,6,1,0,0,1,6,4,1
33,113,1,999,0,1.4,94.465,-41.8,4.962,5228.1,0,1073,0,2,3,0,0,2,1,4,4,1
38,340,1,999,0,-1.8,93.075,-47.1,1.405,5099.1,0,3413,1,1,3,0,0,0,1,0,1,1
31,1432,5,999,0,1.4,93.91799999999999,-42.7,4.957,5228.1,0,2949,0,2,2,0,0,0,0,3,4,1
41,102,1,999,0,1.4,93.444,-36.1,4.963,5228.1,0,4098,1,0,2,0,0,0,0,1,3,1
42,214,3,999,0,1.4,94.465,-41.8,4.961,5228.1,0,3106,7,1,3,1,0,2,1,4,3,1
32,47,8,999,0,1.1,93.994,-36.4,4.864,5191.0,0,1882,0,2,6,0,0,0,1,6,0,1
36,762,3,999,0,1.4,94.465,-41.8,4.955,5228.1,1,1176,1,2,2,0,2,2,1,4,2,1
39,121,17,999,0,1.4,93.91799999999999,-42.7,4.961,5228.1,0,1458,0,0,3,0,0,0,0,3,3,1
37,203,2,999,0,1.4,94.465,-41.8,4.959,5228.1,0,3243,1,1,2,0,0,0,1,4,4,1
55,76,13,999,0,1.4,93.444,-36.1,4.9639999999999995,5228.1,0,204,7,1,2,0,0,0,0,1,4,1
27,191,5,999,0,1.1,93.994,-36.4,4.857,5191.0,0,59,0,1,6,0,0,0,1,6,4,1
27,101,1,999,1,-1.8,92.89299999999999,-46.2,1.327,5099.1,0,3286,8,2,3,0,2,0,0,6,2,0
52,139,2,6,1,-1.7,94.215,-40.3,0.893,4991.6,0,2604,0,1,5,0,2,2,0,3,3,2
63,1386,1,999,0,-3.4,92.431,-26.9,0.74,5017.5,0,4110,5,1,3,0,0,0,0,8,4,1
48,1424,4,999,0,1.4,93.91799999999999,-42.7,4.961,5228.1,1,3647,0,0,2,0,0,0,0,3,3,1
36,166,2,999,0,1.1,93.994,-36.4,4.864,5191.0,0,3477,1,1,0,1,2,0,1,6,0,1
49,284,1,999,0,1.4,93.91799999999999,-42.7,4.957,5228.1,0,648,1,0,7,1,2,0,0,3,4,1
30,129,2,999,1,-1.8,92.89299999999999,-46.2,1.3130000000000002,5099.1,0,1228,0,1,6,0,2,0,0,6,0,0
51,263,2,999,0,-2.9,92.963,-40.8,1.268,5076.2,0,524,0,2,6,0,2,2,0,4,0,1
26,203,1,3,3,-1.7,94.027,-38.3,0.904,4991.6,1,3113,10,2,6,0,2,0,0,1,2,2
41,88,3,999,0,1.4,93.444,-36.1,4.9639999999999995,5228.1,0,3406,9,2,3,0,2,0,0,1,4,1
30,66,2,999,0,1.1,93.994,-36.4,4.855,5191.0,0,3885,7,2,3,0,0,0,1,6,2,1
35,330,1,10,1,-1.8,93.749,-34.6,0.644,5008.7,1,1872,0,1,6,0,2,0,0,0,2,2
43,307,1,999,0,-1.8,93.075,-47.1,1.405,5099.1,0,217,4,1,6,1,2,2,0,0,0,1
30,81,2,999,0,1.4,93.444,-36.1,4.9639999999999995,5228.1,0,509,9,2,6,0,0,2,0,1,0,1
42,83,1,999,0,1.1,93.994,-36.4,4.856,5191.0,0,1285,6,1,3,0,0,0,1,6,3,1
32,137,1,999,0,1.4,93.444,-36.1,4.968,5228.1,0,3598,9,1,6,0,0,0,0,1,2,1
35,235,4,999,0,1.1,93.994,-36.4,4.857,5191.0,0,641,0,1,6,0,0,0,1,6,3,1
41,186,2,999,0,1.4,93.91799999999999,-42.7,4.962,5228.1,0,1885,9,2,6,0,0,0,0,3,2,1
29,805,1,999,0,-3.0,92.713,-33.0,0.7140000000000001,5023.5,1,3946,10,1,0,0,0,0,1,2,2,1
27,19,9,999,0,1.1,93.994,-36.4,4.856,5191.0,0,2889,1,1,0,1,0,0,1,6,3,1
32,24,1,999,2,-1.8,93.075,-47.1,1.405,5099.1,0,1306,0,1,3,0,2,2,1,0,1,0
29,68,2,999,0,-1.8,92.89299999999999,-46.2,1.244,5099.1,0,388,9,2,6,0,0,0,0,6,1,1
31,115,2,999,0,-2.9,92.20100000000001,-31.4,0.883,5076.2,0,3616,0,2,6,0,2,2,1,1,3,1
38,450,3,6,2,-1.8,93.369,-34.8,0.652,5008.7,1,3365,1,2,3,0,0,0,1,5,3,2
50,223,3,999,0,1.1,93.994,-36.4,4.859,5191.0,0,3215,4,1,3,1,0,2,1,6,0,1
37,145,1,999,0,-2.9,92.963,-40.8,1.268,5076.2,0,3962,0,1,6,0,2,0,1,4,0,1
44,222,1,999,0,1.4,93.444,-36.1,4.968,5228.1,0,2462,0,1,0,1,2,0,0,1,3,1
32,8,7,999,0,-1.8,92.89299999999999,-46.2,1.244,5099.1,0,1937,0,2,6,0,2,0,0,6,1,1
44,245,3,999,0,-1.8,92.89299999999999,-46.2,1.327,5099.1,0,3411,9,0,5,0,2,0,0,6,2,1
38,136,2,999,1,-0.1,93.2,-42.0,4.191,5195.8,0,881,4,0,6,0,0,0,0,7,1,0
38,128,2,999,0,1.4,94.465,-41.8,4.958,5228.1,0,4023,9,0,5,0,0,0,1,4,2,1
53,63,1,999,0,-0.1,93.2,-42.0,4.12,5195.8,0,207,4,1,0,0,2,0,0,7,4,1
22,110,7,999,0,1.4,93.91799999999999,-42.7,4.96,5228.1,0,642,1,2,2,0,2,0,1,3,1,1
45,20,5,999,0,1.4,93.91799999999999,-42.7,4.962,5228.1,0,2126,9,1,5,0,0,0,1,3,4,1
41,802,3,999,0,1.4,94.465,-41.8,4.962,5228.1,0,2826,0,1,6,0,2,2,1,4,4,1
48,44,1,999,0,1.4,93.444,-36.1,4.962,5228.1,0,2939,0,2,6,0,2,0,0,1,2,1
44,43,2,999,0,-0.1,93.2,-42.0,4.1530000000000005,5195.8,0,1044,7,1,3,1,0,0,0,7,3,1
52,43,1,999,0,1.4,94.465,-41.8,4.962,5228.1,0,1476,7,2,3,0,2,0,1,4,4,1
28,81,4,999,0,1.4,93.91799999999999,-42.7,4.968,5228.1,0,1347,7,1,3,0,1,1,0,3,2,1
43,169,4,999,0,1.4,94.465,-41.8,4.961,5228.1,0,3742,1,1,1,0,2,0,1,4,3,1
27,93,2,999,0,1.1,93.994,-36.4,4.857,5191.0,0,1413,7,2,2,0,0,0,1,6,1,1
45,124,3,999,0,1.4,93.444,-36.1,4.968,5228.1,0,2228,1,1,3,1,0,0,0,1,2,1
30,151,3,999,0,1.4,94.465,-41.8,4.865,5228.1,0,274,7,1,3,0,0,0,1,4,1,1
24,145,4,999,0,1.4,93.91799999999999,-42.7,4.957,5228.1,0,2329,0,2,3,0,2,0,0,3,4,1
23,314,2,999,0,1.4,93.91799999999999,-42.7,4.961,5228.1,0,369,4,2,6,0,2,0,0,3,3,1
32,256,2,999,0,-0.1,93.2,-42.0,4.191,5195.8,0,2254,4,1,3,0,0,2,0,7,1,1
37,300,1,999,2,-1.7,94.055,-39.8,0.748,4991.6,1,1801,9,2,6,0,2,0,0,4,0,0
38,107,3,999,0,1.1,93.994,-36.4,4.857,5191.0,0,1059,11,0,3,1,2,0,1,6,4,1
51,314,4,999,0,-1.8,92.89299999999999,-46.2,1.291,5099.1,0,547,1,0,0,0,2,0,0,6,3,1
36,112,2,999,0,1.4,93.444,-36.1,4.9639999999999995,5228.1,0,394,9,1,3,1,2,0,0,1,4,1
34,37,1,999,0,1.1,93.994,-36.4,4.859,5191.0,0,4001,0,1,6,0,2,0,1,6,0,1
36,140,3,999,0,1.1,93.994,-36.4,4.86,5191.0,0,3014,1,1,2,1,2,0,1,6,2,1
38,161,1,999,1,-1.8,92.89299999999999,-46.2,1.334,5099.1,0,1012,1,1,0,0,0,0,0,6,4,0
31,173,1,999,0,1.4,93.91799999999999,-42.7,4.962,5228.1,0,3963,0,2,5,0,0,0,0,3,3,1
29,245,1,999,0,-1.8,93.075,-47.1,1.405,5099.1,0,802,0,1,6,0,2,2,0,0,1,1
45,379,3,7,1,-1.8,93.749,-34.6,0.642,5008.7,1,3244,4,1,7,0,2,0,0,0,3,2
45,68,4,999,0,1.4,93.91799999999999,-42.7,4.961,5228.1,0,3546,7,1,3,0,2,0,1,3,3,1
34,233,1,999,0,1.1,93.994,-36.4,4.864,5191.0,0,3216,2,1,0,0,2,0,1,6,0,1
33,240,1,999,0,-0.1,93.2,-42.0,4.0760000000000005,5195.8,0,1879,0,1,6,0,2,0,0,7,2,1
37,215,1,999,0,-0.1,93.2,-42.0,4.191,5195.8,0,2657,2,1,6,1,2,0,1,7,1,1
34,189,3,999,0,1.4,93.444,-36.1,4.963,5228.1,0,2813,9,1,5,1,2,2,0,1,2,1
40,145,2,999,0,1.4,93.444,-36.1,4.97,5228.1,0,1599,2,1,6,0,2,0,0,1,1,1
43,197,2,999,0,1.4,93.91799999999999,-42.7,4.961,5228.1,0,1018,1,1,1,0,0,2,0,3,3,1
29,126,1,999,0,1.4,93.91799999999999,-42.7,4.962,5228.1,0,2895,0,2,3,0,2,0,0,3,4,1
42,116,2,999,0,-0.1,93.2,-42.0,4.191,5195.8,0,2946,0,1,6,0,2,0,0,7,1,1
45,265,4,999,0,1.1,93.994,-36.4,4.857,5191.0,0,1517,0,2,5,0,0,0,1,6,3,1
29,198,1,999,0,1.1,93.994,-36.4,4.857,5191.0,0,2379,0,2,2,1,2,0,1,6,4,1
32,296,2,999,0,-0.1,93.2,-42.0,4.1530000000000005,5195.8,0,4045,1,1,2,0,0,0,1,7,3,1
30,219,3,6,1,-1.1,94.199,-37.5,0.883,4963.6,1,3043,0,2,3,0,0,0,0,9,0,2
38,150,1,999,0,1.4,93.91799999999999,-42.7,4.963,5228.1,0,3854,9,1,6,0,2,2,0,3,4,1
68,418,2,999,0,-3.4,92.431,-26.9,0.728,5017.5,1,3634,5,0,5,0,2,0,0,8,3,1
37,200,1,999,0,-2.9,92.963,-40.8,1.26,5076.2,0,3918,7,1,3,0,2,0,0,4,4,1
67,300,3,999,0,-1.7,94.027,-38.3,0.898,4991.6,0,2999,5,1,0,0,0,0,0,1,1,1
34,17,16,999,0,1.4,94.465,-41.8,4.8660000000000005,5228.1,0,2428,0,2,6,1,0,0,1,4,2,1
54,322,2,999,0,1.4,94.465,-41.8,4.958,5228.1,0,609,9,1,6,1,0,0,1,4,2,1
33,320,1,999,0,-1.8,92.89299999999999,-46.2,1.327,5099.1,0,3869,0,2,6,0,2,0,0,6,2,1
42,207,4,999,0,1.4,94.465,-41.8,4.967,5228.1,0,2794,7,2,3,0,0,0,1,4,0,1
34,22,11,999,0,-1.8,92.89299999999999,-46.2,1.327,5099.1,0,956,0,2,1,0,0,0,0,6,2,1
28,94,2,999,0,1.4,93.91799999999999,-42.7,4.963,5228.1,0,1096,0,2,6,0,0,2,0,3,0,1
58,184,1,999,1,-1.8,92.89299999999999,-46.2,1.281,5099.1,0,2899,4,1,0,0,2,2,0,6,4,0
40,197,1,999,0,-1.8,92.89299999999999,-46.2,1.334,5099.1,0,1288,7,2,3,0,0,0,0,6,4,1
29,103,4,999,0,1.4,93.444,-36.1,4.963,5228.1,0,2133,0,2,6,0,0,0,0,1,3,1
35,121,4,999,0,1.1,93.994,-36.4,4.855,5191.0,0,3277,11,2,0,1,0,0,1,6,0,1
35,352,4,999,0,1.1,93.994,-36.4,4.857,5191.0,0,2605,0,2,5,1,2,0,1,6,3,1
33,578,1,999,0,-1.8,92.89299999999999,-46.2,1.266,5099.1,1,3646,4,1,5,0,0,0,0,6,2,1
30,27,7,999,0,1.4,94.465,-41.8,4.8660000000000005,5228.1,0,3592,4,2,6,0,0,0,1,4,2,1
66,1127,1,999,0,-3.4,92.649,-30.1,0.7140000000000001,5017.5,1,2769,5,1,0,0,2,2,1,7,2,1
36,446,1,999,0,1.1,93.994,-36.4,4.856,5191.0,0,27,9,0,5,0,0,0,1,6,4,1
32,107,1,999,0,1.1,93.994,-36.4,4.856,5191.0,0,2294,8,2,3,1,2,0,1,6,3,1
39,71,1,999,0,1.4,93.444,-36.1,4.965,5228.1,0,2396,9,2,5,0,0,0,0,1,1,1
53,59,3,999,0,1.4,93.444,-36.1,4.963,5228.1,0,602,6,1,6,0,0,0,0,1,0,1
30,162,2,9,2,-1.1,94.199,-37.5,0.879,4963.6,0,2851,8,2,5,0,0,0,0,9,1,0
51,487,2,999,0,1.1,93.994,-36.4,4.856,5191.0,0,2810,1,1,2,1,1,1,1,6,3,1
39,150,4,999,0,-0.1,93.2,-42.0,4.021,5195.8,0,2609,3,1,2,0,2,0,0,7,0,1
36,567,2,999,0,-1.8,92.89299999999999,-46.2,1.244,5099.1,0,2653,8,2,7,1,2,0,0,6,1,1
31,209,1,999,2,-1.7,94.027,-38.3,0.898,4991.6,0,283,6,2,6,0,0,0,0,1,1,0
33,335,3,999,0,1.4,93.444,-36.1,4.966,5228.1,0,2507,9,1,5,0,0,0,0,1,0,1
45,527,1,999,0,-0.1,93.2,-42.0,4.191,5195.8,0,2729,0,1,3,0,2,0,0,7,1,1
47,20,1,999,0,1.4,93.444,-36.1,4.968,5228.1,0,3175,4,1,6,0,2,0,0,1,2,1
34,123,2,999,0,-1.8,92.89299999999999,-46.2,1.2990000000000002,5099.1,0,551,10,1,2,0,0,0,0,6,1,1
48,248,1,999,0,1.4,93.444,-36.1,4.965,5228.1,0,2386,3,1,0,0,0,0,0,1,1,1
71,193,2,999,0,-3.4,92.649,-30.1,0.715,5017.5,1,3940,3,1,0,0,2,0,0,7,3,1
32,75,2,999,0,-0.1,93.2,-42.0,4.0760000000000005,5195.8,0,1519,1,2,2,0,2,0,0,7,2,1
45,296,1,999,0,-1.8,93.075,-47.1,1.41,5099.1,0,2724,7,0,0,0,0,0,0,0,2,1
34,162,1,999,1,-1.8,92.89299999999999,-46.2,1.344,5099.1,0,2349,1,1,1,0,2,0,0,6,3,0
28,161,4,999,0,-1.7,94.027,-38.3,0.898,4991.6,0,1646,0,1,6,0,0,0,0,1,0,1
33,164,7,999,0,1.4,94.465,-41.8,4.864,5228.1,0,1449,1,1,2,1,0,0,1,4,3,1
47,421,1,999,0,1.1,93.994,-36.4,4.856,5191.0,0,2668,7,0,3,0,0,0,1,6,4,1
34,513,1,999,0,1.1,93.994,-36.4,4.8580000000000005,5191.0,0,2282,1,1,2,0,2,0,1,6,1,1
57,19,4,999,0,1.4,94.465,-41.8,4.959,5228.1,0,3205,1,1,0,0,0,0,1,4,0,1
31,259,1,999,1,-0.1,93.2,-42.0,4.1530000000000005,5195.8,0,2567,9,2,6,0,0,0,0,7,3,0
46,34,4,999,0,-1.8,92.89299999999999,-46.2,1.291,5099.1,0,1538,9,1,5,0,2,0,1,6,3,1
50,59,4,999,0,-0.1,93.2,-42.0,4.0760000000000005,5195.8,0,1286,6,0,6,0,0,0,0,7,2,1
34,474,1,999,0,1.1,93.994,-36.4,4.856,5191.0,0,1385,2,1,0,0,2,0,1,6,4,1
30,327,2,999,0,-1.1,94.199,-37.5,0.879,4963.6,1,3688,9,2,6,0,0,0,0,9,2,1
46,32,1,999,1,-0.1,93.2,-42.0,4.1530000000000005,5195.8,0,726,6,1,1,1,2,0,0,7,3,0
35,138,4,999,0,1.4,94.465,-41.8,4.961,5228.1,0,1419,1,0,2,0,0,0,1,4,1,1
20,137,3,999,3,-1.1,94.601,-49.5,0.977,4963.6,0,40,8,2,7,0,0,0,0,8,1,0
47,60,6,999,0,1.4,94.465,-41.8,4.959,5228.1,0,1204,7,0,0,0,2,0,1,4,0,1
48,288,1,0,3,-1.7,94.027,-38.3,0.9,4991.6,1,1047,0,1,6,0,2,2,0,1,4,2
31,197,2,999,0,1.1,93.994,-36.4,4.859,5191.0,0,619,0,1,6,0,0,0,1,6,4,1
38,100,5,999,0,1.4,93.444,-36.1,4.965,5228.1,0,3686,9,1,3,0,0,0,0,1,3,1
46,398,3,999,0,1.4,93.444,-36.1,4.963,5228.1,0,3512,1,1,1,1,2,0,0,1,3,1
32,287,1,999,0,1.1,93.994,-36.4,4.8580000000000005,5191.0,0,3019,1,0,2,0,0,0,1,6,1,1
27,395,2,999,0,1.1,93.994,-36.4,4.857,5191.0,0,3870,7,1,5,0,0,0,1,6,3,1
45,124,3,999,0,1.4,94.465,-41.8,4.967,5228.1,0,1031,9,1,5,1,0,0,1,4,0,1
27,185,1,999,0,1.4,93.91799999999999,-42.7,4.961,5228.1,0,1946,1,1,0,0,2,0,0,3,3,1
36,275,1,999,0,1.4,93.444,-36.1,4.967,5228.1,0,2020,9,2,5,0,0,0,0,1,4,1
30,313,2,999,0,1.4,93.444,-36.1,4.963,5228.1,0,3549,0,1,6,1,0,0,0,1,1,1
55,6,1,999,0,-1.1,94.199,-37.5,0.879,4963.6,0,442,10,1,0,0,2,0,1,9,3,1
39,367,1,999,0,1.4,94.465,-41.8,4.961,5228.1,0,913,8,2,7,0,2,0,1,4,3,1
54,653,1,999,0,-0.1,93.2,-42.0,4.0760000000000005,5195.8,1,3151,3,0,6,0,2,2,0,7,2,1
33,139,2,999,0,-1.8,92.89299999999999,-46.2,1.281,5099.1,0,1691,1,1,1,1,0,0,0,6,4,1
32,361,2,999,0,-1.8,92.89299999999999,-46.2,1.291,5099.1,0,2790,9,2,3,0,2,0,0,6,3,1
28,289,1,999,0,1.4,93.91799999999999,-42.7,4.962,5228.1,0,884,7,1,3,0,0,0,0,3,3,1
38,257,2,999,0,1.1,93.994,-36.4,4.855,5191.0,0,866,9,1,6,1,0,0,1,6,2,1
46,499,1,999,0,-0.1,93.2,-42.0,4.12,5195.8,0,38,4,0,3,0,0,0,0,7,4,1
28,156,1,999,0,-1.8,92.84299999999999,-50.0,1.7990000000000002,5099.1,1,3356,8,2,2,0,2,0,0,5,3,1
31,767,2,999,0,1.4,94.465,-41.8,4.864,5228.1,1,720,1,2,2,0,0,0,1,4,4,1
31,8,3,999,0,1.4,94.465,-41.8,4.959,5228.1,0,1875,2,2,1,1,2,2,1,4,0,1
38,101,1,999,0,1.1,93.994,-36.4,4.856,5191.0,0,3579,9,1,5,0,0,0,1,6,3,1
24,453,1,999,0,1.4,94.465,-41.8,4.962,5228.1,0,2642,7,2,3,0,2,0,1,4,4,1
34,164,3,999,0,1.4,93.91799999999999,-42.7,4.962,5228.1,0,1391,1,1,1,1,0,2,1,3,1,1
54,71,5,999,0,1.4,93.91799999999999,-42.7,4.962,5228.1,0,848,1,1,0,1,2,2,0,3,2,1
31,155,1,999,0,-0.1,93.2,-42.0,4.0760000000000005,5195.8,0,4113,9,2,5,0,2,0,0,7,2,1
45,99,1,999,0,1.4,93.444,-36.1,4.965,5228.1,0,833,0,2,6,0,2,0,0,1,4,1
36,331,1,6,4,-1.1,94.199,-37.5,0.8759999999999999,4963.6,1,1299,4,1,6,0,1,1,0,9,4,0
53,245,3,999,0,1.1,93.994,-36.4,4.857,5191.0,0,3407,3,1,0,1,0,0,1,6,1,1
50,1130,3,999,0,1.4,93.91799999999999,-42.7,4.962,5228.1,1,1669,1,1,0,0,0,0,0,3,1,1
41,23,17,999,0,1.1,93.994,-36.4,4.857,5191.0,0,689,6,2,6,0,2,2,1,6,4,1
31,3643,1,999,0,1.4,93.91799999999999,-42.7,4.963,5228.1,1,2232,9,1,5,0,0,0,0,3,2,1
56,71,4,999,0,1.1,93.994,-36.4,4.856,5191.0,0,987,5,1,2,0,2,2,1,6,4,1
74,88,6,999,0,-3.0,92.713,-33.0,0.715,5023.5,0,2768,5,0,3,0,2,2,1,2,1,1
56,99,6,999,0,1.4,94.465,-41.8,4.864,5228.1,0,1883,1,1,2,1,0,0,1,4,4,1
45,173,1,999,0,1.1,93.994,-36.4,4.857,5191.0,0,1717,0,1,2,0,2,0,1,6,4,1
32,77,1,999,0,-3.4,92.649,-30.1,0.7140000000000001,5017.5,0,1401,9,1,6,0,2,0,0,7,1,1
49,212,1,999,0,1.1,93.994,-36.4,4.857,5191.0,0,353,0,1,6,0,2,0,1,6,1,1
26,355,1,999,1,-1.1,94.199,-37.5,0.8809999999999999,4963.6,0,832,0,2,6,0,2,0,0,9,3,0
49,91,1,999,0,-0.1,93.2,-42.0,4.0760000000000005,5195.8,0,1507,9,1,6,0,2,0,0,7,2,1
49,86,3,999,0,1.4,93.444,-36.1,4.968,5228.1,0,4034,0,1,2,1,0,2,0,1,2,1
50,145,4,999,0,1.1,93.994,-36.4,4.857,5191.0,0,427,0,0,2,0,0,0,1,6,0,1
36,30,3,999,0,1.4,94.465,-41.8,4.961,5228.1,0,3201,1,1,2,0,1,1,1,4,3,1
66,881,3,999,1,-1.8,93.369,-34.8,0.6459999999999999,5008.7,1,3999,5,1,3,0,1,1,0,5,3,0
49,549,3,999,0,1.4,93.91799999999999,-42.7,4.962,5228.1,0,441,4,1,6,0,0,0,0,3,1,1
29,103,4,999,0,1.4,93.91799999999999,-42.7,4.961,5228.1,0,840,2,1,0,0,0,0,0,3,3,1
38,309,1,999,0,-0.1,93.2,-42.0,4.0760000000000005,5195.8,0,3840,0,1,3,0,1,1,0,7,2,1
37,191,1,999,0,1.1,93.994,-36.4,4.859,5191.0,0,3047,0,1,3,0,2,0,1,6,4,1
32,147,4,999,0,1.1,93.994,-36.4,4.86,5191.0,0,827,0,0,6,0,2,0,1,6,2,1
41,318,2,999,0,1.1,93.994,-36.4,4.859,5191.0,0,3275,6,2,6,0,2,0,1,6,4,1
51,86,1,999,0,1.4,93.444,-36.1,4.963,5228.1,0,350,0,0,6,1,0,0,1,1,0,1
41,69,1,999,1,-1.8,93.075,-47.1,1.405,5099.1,0,3635,1,1,2,0,2,0,0,0,0,0
59,92,1,999,0,-2.9,92.469,-33.6,1.085,5076.2,0,111,0,1,6,0,2,2,0,3,4,1
54,258,2,999,0,-2.9,92.963,-40.8,1.268,5076.2,1,3684,1,1,2,0,0,0,0,4,0,1
41,188,4,999,0,1.4,93.444,-36.1,4.9639999999999995,5228.1,0,1502,0,0,6,0,2,0,0,1,4,1
37,540,1,999,0,1.4,94.465,-41.8,4.961,5228.1,0,3469,0,2,6,0,2,0,1,4,1,1
36,131,1,999,0,-0.1,93.2,-42.0,4.191,5195.8,0,3157,1,1,2,0,0,2,0,7,1,1
65,89,2,999,0,-2.9,92.963,-40.8,1.266,5076.2,0,2313,3,1,0,0,0,0,0,4,1,1
41,279,1,999,0,-1.8,93.075,-47.1,1.405,5099.1,0,1752,0,2,6,0,2,0,0,0,1,1
27,43,2,999,0,1.1,93.994,-36.4,4.855,5191.0,0,1734,9,2,3,0,2,0,1,6,2,1
54,351,1,999,0,1.1,93.994,-36.4,4.8580000000000005,5191.0,0,4081,1,1,0,1,2,2,1,6,1,1
43,424,1,999,0,1.1,93.994,-36.4,4.857,5191.0,0,338,10,1,6,1,2,0,1,6,3,1
46,170,4,999,0,1.1,93.994,-36.4,4.864,5191.0,0,3123,9,1,6,0,2,0,1,6,0,1
55,307,1,999,1,-1.8,93.075,-47.1,1.405,5099.1,1,1668,0,1,3,0,0,2,0,0,4,0
45,215,2,999,0,1.1,93.994,-36.4,4.857,5191.0,0,3131,0,1,3,0,0,0,1,6,4,1
34,29,16,999,0,1.4,93.91799999999999,-42.7,4.961,5228.1,0,1881,7,2,3,0,0,0,1,3,3,1
41,170,4,999,0,-1.8,92.89299999999999,-46.2,1.3130000000000002,5099.1,0,450,9,1,6,0,2,2,0,6,0,1
45,300,1,999,0,-1.8,92.89299999999999,-46.2,1.25,5099.1,0,3799,0,1,6,0,2,2,0,6,0,1
28,489,2,999,0,1.1,93.994,-36.4,4.859,5191.0,0,3610,1,2,2,0,0,0,1,6,0,1
45,211,3,999,0,1.4,93.91799999999999,-42.7,4.961,5228.1,0,44,2,0,5,0,2,0,0,3,3,1
42,300,3,999,0,1.4,94.465,-41.8,4.962,5228.1,0,3951,0,1,1,0,2,0,1,4,4,1
40,504,4,999,0,1.4,93.91799999999999,-42.7,4.962,5228.1,0,3624,1,1,2,1,2,0,0,3,1,1
48,268,1,3,3,-1.8,93.876,-40.0,0.6679999999999999,5008.7,1,2212,1,1,2,0,2,0,0,6,3,2
36,69,2,999,0,1.4,93.444,-36.1,4.963,5228.1,0,4096,0,2,6,0,0,2,0,1,0,1
34,114,2,999,0,1.4,93.91799999999999,-42.7,4.968,5228.1,0,2039,9,1,6,0,0,2,0,3,2,1
30,154,2,999,0,-0.1,93.2,-42.0,4.1530000000000005,5195.8,0,343,7,1,1,0,0,0,0,7,3,1
28,167,2,6,1,-1.7,94.215,-40.3,0.893,4991.6,0,3297,9,2,5,0,2,0,0,3,3,2
21,362,1,999,0,-1.1,94.601,-49.5,0.982,4963.6,1,2170,8,2,3,0,0,0,0,8,3,1
53,233,2,999,0,1.1,93.994,-36.4,4.857,5191.0,0,3851,0,1,5,0,2,0,1,6,3,1
51,17,3,999,0,1.4,94.465,-41.8,4.959,5228.1,0,183,9,1,7,0,2,0,1,4,0,1
58,158,3,999,1,-0.1,93.2,-42.0,4.021,5195.8,0,3476,5,1,5,1,0,0,0,7,0,0
58,160,1,999,0,-2.9,92.469,-33.6,1.072,5076.2,0,3939,9,1,6,1,2,0,0,3,2,1
36,38,1,999,1,-1.8,92.89299999999999,-46.2,1.281,5099.1,0,859,1,1,2,1,2,0,1,6,4,0
57,113,2,999,1,-1.8,93.075,-47.1,1.405,5099.1,0,3861,7,1,3,0,2,0,0,0,1,0
29,90,1,999,0,1.4,93.91799999999999,-42.7,4.957,5228.1,0,763,1,2,3,0,2,0,0,3,0,1
39,0,4,999,0,1.1,93.994,-36.4,4.857,5191.0,0,1951,0,1,3,0,2,0,1,6,3,1
48,375,1,999,0,1.1,93.994,-36.4,4.856,5191.0,0,2288,11,1,0,1,0,0,1,6,3,1
47,58,1,999,0,-0.1,93.2,-42.0,4.191,5195.8,0,5,0,1,6,0,2,0,0,7,1,1
39,77,1,999,0,1.4,93.444,-36.1,4.965,5228.1,0,1920,9,1,5,0,0,0,0,1,1,1
28,226,3,999,1,-1.7,94.027,-38.3,0.898,4991.6,0,2580,0,1,6,0,2,0,0,1,1,0
39,93,1,999,0,-1.8,92.89299999999999,-46.2,1.266,5099.1,0,2366,1,2,0,0,0,0,0,6,2,1
33,146,2,999,0,1.1,93.994,-36.4,4.857,5191.0,0,4097,7,1,3,0,0,0,1,6,1,1
28,166,1,999,0,-1.8,92.89299999999999,-46.2,1.266,5099.1,0,702,4,2,2,0,2,0,1,6,2,1
32,668,1,999,0,1.4,93.91799999999999,-42.7,4.963,5228.1,0,2354,0,0,6,0,2,0,0,3,2,1
28,254,5,999,0,-3.4,92.649,-30.1,0.715,5017.5,1,2699,0,1,3,0,2,0,0,7,3,1
32,219,2,999,0,-0.1,93.2,-42.0,4.021,5195.8,0,1359,0,1,3,0,0,0,0,7,0,1
39,359,3,999,0,1.1,93.994,-36.4,4.86,5191.0,0,3466,7,1,3,0,0,0,1,6,2,1
35,115,6,999,0,1.1,93.994,-36.4,4.864,5191.0,0,597,1,1,1,0,2,0,1,6,0,1
39,302,1,999,0,1.1,93.994,-36.4,4.856,5191.0,0,3335,1,1,2,0,0,0,1,6,3,1
44,230,1,999,0,-1.8,93.075,-47.1,1.479,5099.1,0,492,4,0,6,0,2,0,0,0,0,1
58,1045,1,999,0,1.1,93.994,-36.4,4.856,5191.0,1,2043,5,1,0,1,0,0,1,6,3,1
59,69,1,999,0,-1.8,92.89299999999999,-46.2,1.281,5099.1,0,765,5,0,5,0,0,0,0,6,4,1
36,128,1,999,0,1.4,94.465,-41.8,4.961,5228.1,0,3697,9,1,3,0,0,0,1,4,3,1
34,69,1,999,1,-0.1,93.2,-42.0,4.0760000000000005,5195.8,0,3278,2,1,6,0,2,0,0,7,2,0
28,78,3,999,0,-2.9,92.20100000000001,-31.4,0.851,5076.2,1,3557,9,2,5,0,2,0,0,1,2,1
41,122,4,999,0,1.4,93.444,-36.1,4.9639999999999995,5228.1,0,2883,9,0,5,0,2,0,0,1,4,1
35,208,3,999,0,1.1,93.994,-36.4,4.8580000000000005,5191.0,0,2389,9,1,3,0,0,0,1,6,4,1
43,173,2,999,0,1.1,93.994,-36.4,4.8580000000000005,5191.0,0,284,6,1,2,0,0,0,1,6,4,1
30,123,1,999,0,1.4,93.444,-36.1,4.9639999999999995,5228.1,0,1338,0,1,6,0,2,0,0,1,2,1
56,49,2,999,0,1.4,94.465,-41.8,4.967,5228.1,0,1197,9,1,7,0,0,0,1,4,0,1
41,198,1,999,0,-1.8,92.89299999999999,-46.2,1.3130000000000002,5099.1,0,2312,1,1,2,0,2,2,0,6,0,1
39,650,3,999,0,1.1,93.994,-36.4,4.856,5191.0,1,871,1,2,2,0,0,0,1,6,3,1
27,698,2,999,0,1.4,93.91799999999999,-42.7,4.963,5228.1,0,16,7,2,6,0,0,0,0,3,4,1
38,73,1,999,0,1.1,93.994,-36.4,4.857,5191.0,0,1761,11,0,3,1,2,0,1,6,1,1
36,320,1,999,2,-3.4,92.649,-30.1,0.715,5017.5,0,3757,1,1,2,0,2,0,0,7,3,0
41,203,1,999,1,-1.8,93.075,-47.1,1.405,5099.1,0,2229,1,1,7,1,0,0,0,0,0,0
29,886,3,999,0,1.1,93.994,-36.4,4.864,5191.0,1,480,9,1,5,0,0,0,1,6,0,1
30,171,1,7,1,-1.7,94.055,-39.8,0.748,4991.6,0,464,9,1,6,0,0,0,0,4,0,2
52,61,1,999,0,1.1,93.994,-36.4,4.86,5191.0,0,2559,6,2,0,1,2,0,1,6,2,1
27,54,1,999,0,-1.8,93.876,-40.0,0.672,5008.7,0,4016,8,1,3,0,2,0,1,6,4,1
42,257,2,999,0,1.4,94.465,-41.8,4.962,5228.1,0,1564,1,1,3,1,0,0,1,4,4,1
42,799,6,999,0,1.4,93.91799999999999,-42.7,4.962,5228.1,0,1997,0,1,6,0,0,0,0,3,4,1
53,76,1,999,0,1.4,93.444,-36.1,4.968,5228.1,0,2991,1,1,0,0,0,0,0,1,3,1
36,529,1,999,0,1.4,93.444,-36.1,4.965,5228.1,1,1645,0,3,6,0,2,0,0,1,4,1
32,186,1,999,0,1.4,94.465,-41.8,4.958,5228.1,0,2948,0,2,6,0,2,0,1,4,2,1
48,409,2,999,0,1.4,93.444,-36.1,4.968,5228.1,0,3960,9,1,6,1,2,0,0,1,2,1
34,133,1,999,1,-1.8,92.89299999999999,-46.2,1.281,5099.1,0,2871,1,1,3,0,2,0,0,6,4,0
53,1468,3,999,0,-0.1,93.2,-42.0,4.12,5195.8,1,3809,9,2,5,0,2,0,0,7,4,1
21,250,1,999,0,-3.4,92.649,-30.1,0.716,5017.5,0,1511,8,2,5,0,0,0,1,7,4,1
33,203,1,999,0,-2.9,92.20100000000001,-31.4,0.883,5076.2,0,3370,8,2,7,0,2,2,0,1,3,1
78,754,2,3,2,-1.8,92.89299999999999,-46.2,1.264,5099.1,0,1261,5,1,3,0,2,0,0,6,1,0
45,569,4,999,0,-3.4,92.37899999999999,-29.8,0.797,5017.5,1,742,3,2,0,0,0,0,1,9,1,1
36,286,1,999,0,1.1,93.994,-36.4,4.857,5191.0,0,1551,1,1,3,0,0,0,1,6,1,1
40,155,2,999,0,1.4,94.465,-41.8,4.959,5228.1,0,2651,7,0,3,0,0,0,1,4,0,1
49,1171,1,999,0,1.4,93.91799999999999,-42.7,4.958,5228.1,0,2461,9,0,3,0,2,0,0,3,2,1
40,154,2,999,0,1.4,94.465,-41.8,4.865,5228.1,0,3881,1,1,2,0,2,0,1,4,1,1
59,59,8,999,0,1.4,94.465,-41.8,4.959,5228.1,0,943,5,1,5,1,2,0,1,4,4,1
37,93,1,999,0,-3.4,92.431,-26.9,0.73,5017.5,0,1236,1,1,1,0,1,1,0,8,0,1
36,18,8,999,0,1.4,93.91799999999999,-42.7,4.968,5228.1,0,1522,0,2,6,0,2,2,1,3,2,1
31,15,4,999,0,1.4,94.465,-41.8,4.959,5228.1,0,3391,4,2,6,1,2,0,1,4,0,1
36,57,2,999,0,1.4,94.465,-41.8,4.962,5228.1,0,1371,7,1,3,1,2,2,1,4,4,1
31,152,2,999,0,-0.1,93.2,-42.0,4.1530000000000005,5195.8,0,1424,2,0,0,0,0,0,0,7,3,1
46,86,1,999,0,1.4,94.465,-41.8,4.967,5228.1,0,2452,2,1,7,1,2,0,1,4,0,1
43,127,3,999,0,1.4,93.91799999999999,-42.7,4.968,5228.1,0,223,0,1,5,1,0,0,0,3,2,1
36,349,1,999,1,-1.8,92.89299999999999,-46.2,1.327,5099.1,0,1552,1,1,7,0,2,0,0,6,2,0
32,206,1,999,0,1.4,93.444,-36.1,4.9639999999999995,5228.1,0,311,0,2,6,0,2,0,0,1,2,1
47,188,1,3,1,-3.4,92.37899999999999,-29.8,0.77,5017.5,0,1681,0,0,3,0,2,0,0,9,3,2
27,784,1,999,0,1.4,93.91799999999999,-42.7,4.962,5228.1,1,3300,9,2,3,0,2,0,0,3,0,1
28,77,3,999,0,-1.8,92.89299999999999,-46.2,1.334,5099.1,0,2399,1,2,2,1,0,0,0,6,4,1
31,343,2,999,0,1.4,94.465,-41.8,4.961,5228.1,0,3197,4,1,3,0,2,2,1,4,3,1
36,90,2,999,0,1.4,93.91799999999999,-42.7,4.962,5228.1,0,3846,4,1,6,0,2,2,0,3,2,1
56,129,3,999,0,1.4,94.465,-41.8,4.959,5228.1,0,1981,6,1,6,0,0,0,1,4,0,1
30,496,1,999,0,-1.8,93.075,-47.1,1.423,5099.1,1,1713,0,1,6,0,2,0,0,0,3,1
26,77,3,999,0,-1.8,93.075,-47.1,1.41,5099.1,0,2607,1,1,2,0,2,0,0,0,2,1
35,103,2,999,0,1.4,93.91799999999999,-42.7,4.963,5228.1,0,1478,8,2,7,1,0,0,0,3,4,1
32,330,4,999,0,1.4,93.91799999999999,-42.7,4.962,5228.1,0,3353,9,1,5,0,2,2,0,3,1,1
31,339,2,999,0,-1.8,93.876,-40.0,0.6920000000000001,5008.7,0,3240,10,2,3,0,0,0,0,6,2,1
42,275,8,999,0,1.4,93.444,-36.1,4.965,5228.1,0,507,9,2,6,0,2,2,0,1,4,1
30,200,1,999,1,-1.7,94.027,-38.3,0.904,4991.6,0,799,8,2,3,0,0,0,0,1,2,0
39,219,1,999,0,1.4,93.91799999999999,-42.7,4.959,5228.1,0,4116,0,1,3,0,2,0,1,3,0,1
42,84,2,999,0,1.4,93.91799999999999,-42.7,4.962,5228.1,0,438,6,1,6,0,0,0,0,3,1,1
57,534,3,999,1,-1.8,93.075,-47.1,1.405,5099.1,0,4062,6,1,0,0,2,0,1,0,1,0
38,477,11,999,0,1.1,93.994,-36.4,4.857,5191.0,0,527,2,1,6,1,0,0,1,6,3,1
35,192,2,999,1,-3.4,92.649,-30.1,0.7140000000000001,5017.5,1,2324,9,2,5,0,2,0,0,7,2,0
50,408,1,999,1,-0.1,93.2,-42.0,4.191,5195.8,0,3451,2,1,6,0,0,0,0,7,1,0
38,1476,4,999,0,-0.1,93.2,-42.0,4.0760000000000005,5195.8,0,721,0,2,3,0,2,2,0,7,2,1
39,212,1,999,0,1.4,94.465,-41.8,4.967,5228.1,0,3084,10,1,6,0,0,0,1,4,0,1
29,5,23,999,0,1.4,93.91799999999999,-42.7,4.968,5228.1,0,2203,9,1,6,0,0,0,0,3,2,1
44,358,4,999,0,-0.1,93.2,-42.0,4.021,5195.8,0,2551,0,1,6,0,2,0,0,7,0,1
38,79,1,999,0,-0.1,93.2,-42.0,4.021,5195.8,0,752,4,1,6,0,0,2,0,7,0,1
43,128,22,999,0,1.4,93.91799999999999,-42.7,4.962,5228.1,0,714,0,1,3,0,2,0,0,3,1,1
42,11,8,999,0,-1.8,92.89299999999999,-46.2,1.281,5099.1,0,1824,7,2,1,0,2,2,0,6,4,1
34,263,1,999,1,-1.8,92.89299999999999,-46.2,1.327,5099.1,0,2849,1,1,2,1,0,0,0,6,2,0
38,221,2,999,0,1.1,93.994,-36.4,4.8580000000000005,5191.0,0,2667,1,1,1,0,2,0,1,6,1,1
31,125,2,999,0,1.1,93.994,-36.4,4.857,5191.0,0,2675,9,1,6,0,0,2,1,6,4,1
58,256,1,999,0,-1.8,92.89299999999999,-46.2,1.25,5099.1,0,2922,4,1,6,0,2,2,0,6,0,1
48,210,2,999,0,-0.1,93.2,-42.0,4.12,5195.8,0,2571,0,2,6,0,2,0,0,7,4,1
39,749,2,999,0,-0.1,93.2,-42.0,4.021,5195.8,1,1372,9,1,3,0,0,0,0,7,0,1
33,321,1,999,0,1.4,94.465,-41.8,4.961,5228.1,0,1451,1,1,2,1,0,2,1,4,3,1
28,187,1,999,0,-1.8,92.89299999999999,-46.2,1.266,5099.1,0,1928,0,2,6,0,2,0,0,6,3,1
34,168,3,999,0,-1.8,92.89299999999999,-46.2,1.334,5099.1,0,1837,1,1,1,0,0,0,0,6,4,1
24,141,4,999,0,1.4,93.91799999999999,-42.7,4.963,5228.1,0,556,9,2,6,0,0,0,0,3,4,1
32,97,2,999,0,-1.8,92.89299999999999,-46.2,1.334,5099.1,0,3793,9,2,5,0,2,0,0,6,4,1
42,257,1,999,0,-1.8,93.075,-47.1,1.405,5099.1,0,462,7,1,6,0,2,0,0,0,1,1
47,156,4,999,0,1.4,93.444,-36.1,4.968,5228.1,0,3294,0,2,6,0,2,0,0,1,2,1
32,630,3,999,1,-1.8,92.89299999999999,-46.2,1.281,5099.1,0,2527,1,1,1,1,0,0,1,6,4,0
36,369,1,999,0,1.1,93.994,-36.4,4.856,5191.0,0,1158,0,1,3,0,0,0,1,6,3,1
41,114,2,999,0,-1.8,92.89299999999999,-46.2,1.3130000000000002,5099.1,0,3654,0,1,6,1,2,0,0,6,0,1
54,103,4,999,0,1.4,93.444,-36.1,4.9639999999999995,5228.1,0,2267,0,1,5,0,2,0,0,1,4,1
33,355,1,999,0,1.1,93.994,-36.4,4.856,5191.0,0,2411,6,0,2,0,2,0,1,6,3,1
50,855,2,999,0,1.1,93.994,-36.4,4.864,5191.0,1,2383,9,1,5,0,2,0,1,6,0,1
34,201,2,6,1,-0.1,93.2,-42.0,4.12,5195.8,0,1184,4,2,3,0,2,2,0,7,4,2
46,304,2,999,0,1.1,93.994,-36.4,4.857,5191.0,0,1240,0,0,6,0,2,0,1,6,3,1
29,75,1,4,2,-2.9,92.20100000000001,-31.4,0.873,5076.2,0,2092,4,1,6,0,2,0,0,1,2,2
57,231,3,999,0,1.4,93.91799999999999,-42.7,4.962,5228.1,0,3746,0,1,6,0,0,2,0,3,1,1
43,134,4,999,0,1.4,93.444,-36.1,4.963,5228.1,0,2347,9,1,6,0,2,0,0,1,1,1
34,581,4,999,0,-0.1,93.2,-42.0,4.1530000000000005,5195.8,0,1409,6,2,3,0,2,0,0,7,3,1
36,247,2,999,0,1.4,94.465,-41.8,4.958,5228.1,0,1712,9,1,5,0,0,2,1,4,2,1
57,388,4,999,0,1.4,93.444,-36.1,4.965,5228.1,1,303,5,1,2,0,0,0,0,1,3,1
36,279,1,999,1,-1.8,92.89299999999999,-46.2,1.266,5099.1,0,3744,1,2,0,0,2,0,0,6,2,0
27,1105,2,999,0,1.4,93.91799999999999,-42.7,4.96,5228.1,1,2233,0,2,3,1,0,0,0,3,1,1
33,483,2,999,0,-1.8,93.075,-47.1,1.41,5099.1,0,105,7,2,2,0,2,0,0,0,2,1
28,1820,4,999,0,1.4,93.91799999999999,-42.7,4.962,5228.1,0,3257,1,1,0,0,2,0,0,3,2,1
33,157,6,999,0,-1.8,93.749,-34.6,0.659,5008.7,0,658,0,1,6,0,0,0,0,0,2,1
38,186,2,999,0,-1.8,93.075,-47.1,1.3840000000000001,5099.1,0,2696,7,1,3,0,0,0,0,0,3,1
22,161,4,999,0,1.4,93.91799999999999,-42.7,4.963,5228.1,0,3246,1,1,5,0,2,0,0,3,0,1
29,668,2,999,0,1.4,93.91799999999999,-42.7,4.959,5228.1,0,3225,2,1,3,0,2,0,0,3,0,1
36,61,2,999,0,1.1,93.994,-36.4,4.857,5191.0,0,3039,0,1,3,1,2,0,1,6,4,1
39,80,1,999,0,1.4,93.444,-36.1,4.9639999999999995,5228.1,0,3350,3,1,5,0,2,0,0,1,0,1
54,1855,1,999,0,-0.1,93.2,-42.0,4.1530000000000005,5195.8,1,2901,2,1,5,0,0,0,0,7,3,1
56,310,1,999,0,-1.8,92.89299999999999,-46.2,1.25,5099.1,0,1042,7,1,3,1,0,0,0,6,0,1
46,566,2,999,0,1.1,93.994,-36.4,4.856,5191.0,0,1057,1,1,0,1,2,0,1,6,3,1
25,212,2,999,0,1.4,93.91799999999999,-42.7,4.962,5228.1,0,456,1,2,2,0,2,2,0,3,2,1
30,32,3,999,0,1.4,94.465,-41.8,4.96,5228.1,0,2622,1,1,3,0,2,0,1,4,1,1
40,190,2,999,0,1.1,93.994,-36.4,4.857,5191.0,0,4061,0,2,6,0,2,2,1,6,1,1
58,218,1,999,0,1.4,94.465,-41.8,4.959,5228.1,0,2985,2,1,6,1,0,0,1,4,0,1
50,673,6,3,1,-1.8,92.89299999999999,-46.2,1.354,5099.1,1,3880,6,1,2,0,2,2,0,6,1,2
32,247,1,999,0,1.1,93.994,-36.4,4.859,5191.0,0,2963,9,2,5,0,2,0,1,6,0,1
44,164,1,999,0,-0.1,93.2,-42.0,4.191,5195.8,0,3422,7,0,3,0,2,2,0,7,1,1
37,298,2,999,0,-3.4,92.649,-30.1,0.7190000000000001,5017.5,0,1799,2,0,3,0,0,0,0,7,4,1
32,322,2,999,0,1.1,93.994,-36.4,4.864,5191.0,0,1979,9,1,5,0,2,0,1,6,0,1
28,453,1,999,1,-1.7,94.027,-38.3,0.9,4991.6,0,1871,8,2,7,1,2,0,0,1,4,0
25,164,1,999,0,1.4,93.91799999999999,-42.7,4.957,5228.1,0,471,7,1,3,0,2,0,0,3,0,1
43,99,6,999,0,1.1,93.994,-36.4,4.864,5191.0,0,3823,7,1,3,1,2,0,1,6,0,1
21,89,6,999,0,1.4,93.91799999999999,-42.7,4.963,5228.1,0,3765,1,1,2,0,0,2,0,3,4,1
30,266,3,999,0,1.4,93.91799999999999,-42.7,4.963,5228.1,0,1071,10,2,6,0,2,2,0,3,4,1
47,164,1,999,0,-0.1,93.2,-42.0,4.0760000000000005,5195.8,0,1078,0,1,2,0,0,0,0,7,2,1
35,162,1,999,0,1.1,93.994,-36.4,4.8580000000000005,5191.0,0,633,1,1,2,0,2,0,1,6,4,1
36,231,2,999,4,-1.8,93.369,-34.8,0.635,5008.7,0,3064,0,2,6,0,2,0,0,5,1,0
39,308,6,999,0,-1.7,94.027,-38.3,0.898,4991.6,1,3594,7,2,3,0,2,0,0,1,0,1
29,95,2,999,0,-2.9,92.963,-40.8,1.268,5076.2,0,2856,8,2,5,0,0,0,0,4,0,1
44,153,3,999,0,1.4,93.91799999999999,-42.7,4.961,5228.1,0,1984,11,1,3,1,0,0,0,3,3,1
35,192,3,999,0,1.4,93.91799999999999,-42.7,4.962,5228.1,0,2328,6,1,6,0,2,0,0,3,1,1
39,451,4,3,1,-1.8,92.89299999999999,-46.2,1.291,5099.1,0,1235,9,1,3,0,2,0,0,6,3,2
39,617,2,999,0,1.4,93.91799999999999,-42.7,4.96,5228.1,1,2709,9,2,5,0,0,0,0,3,1,1
25,18,29,999,0,1.4,93.91799999999999,-42.7,4.968,5228.1,0,3565,0,2,2,0,0,0,0,3,2,1
43,181,2,999,0,1.1,93.994,-36.4,4.857,5191.0,0,3693,1,2,0,1,2,0,1,6,1,1
51,81,1,999,0,-0.1,93.2,-42.0,4.191,5195.8,0,2157,9,0,3,0,2,0,0,7,1,1
57,188,1,999,0,1.1,93.994,-36.4,4.857,5191.0,0,178,5,2,5,0,2,0,1,6,1,1
47,183,3,999,1,-0.1,93.2,-42.0,4.021,5195.8,0,2097,9,1,3,1,2,0,0,7,0,0
48,42,7,999,0,1.4,93.444,-36.1,4.962,5228.1,0,35,9,1,6,0,0,0,0,1,2,1
56,687,2,999,0,1.4,93.444,-36.1,4.9639999999999995,5228.1,0,1334,5,1,0,1,0,0,0,1,4,1
37,86,1,999,0,1.4,93.444,-36.1,4.965,5228.1,0,3183,0,1,6,1,2,0,0,1,1,1
32,67,1,999,0,-1.8,92.89299999999999,-46.2,1.344,5099.1,0,786,9,1,3,0,2,0,0,6,3,1
29,225,1,999,0,1.4,93.444,-36.1,4.967,5228.1,0,3816,9,2,6,0,2,2,0,1,4,1
54,120,2,999,0,1.1,93.994,-36.4,4.857,5191.0,0,3543,9,1,0,0,0,0,1,6,3,1
52,291,1,999,1,-1.8,93.075,-47.1,1.41,5099.1,0,516,1,0,0,0,2,0,0,0,2,0
52,249,1,999,0,-1.8,93.075,-47.1,1.445,5099.1,0,1608,1,1,0,0,2,0,0,0,4,1
45,113,1,999,0,1.4,94.465,-41.8,4.961,5228.1,0,3670,3,2,2,0,2,0,1,4,1,1
41,377,6,999,0,-1.8,92.84299999999999,-50.0,1.778,5099.1,1,239,7,1,3,0,0,0,0,5,4,1
48,487,2,999,0,-1.8,92.89299999999999,-46.2,1.334,5099.1,0,3342,2,1,2,1,0,0,0,6,4,1
42,153,1,999,0,1.4,93.444,-36.1,4.963,5228.1,0,3699,0,0,6,0,2,2,0,1,0,1
33,270,1,999,0,1.4,93.91799999999999,-42.7,4.962,5228.1,0,3362,9,2,3,0,2,0,0,3,0,1
37,97,3,999,0,1.4,93.91799999999999,-42.7,4.957,5228.1,0,3556,1,1,0,1,2,0,0,3,0,1
60,101,3,999,0,1.1,93.994,-36.4,4.86,5191.0,0,530,2,1,0,0,1,1,1,6,2,1
54,66,2,999,0,1.1,93.994,-36.4,4.8580000000000005,5191.0,0,1077,0,1,3,0,0,0,1,6,4,1
37,242,6,999,0,1.4,93.91799999999999,-42.7,4.955,5228.1,0,991,9,1,5,0,2,0,1,3,3,1
38,113,1,999,1,-1.8,92.84299999999999,-50.0,1.6869999999999998,5099.1,0,31,9,1,6,0,2,2,0,5,3,0
35,95,3,999,0,1.1,93.994,-36.4,4.857,5191.0,0,2523,0,2,0,1,0,0,1,6,1,1
41,204,2,999,0,1.4,94.465,-41.8,4.961,5228.1,0,82,0,0,3,0,2,0,1,4,3,1
53,64,1,999,0,1.4,93.91799999999999,-42.7,4.961,5228.1,0,1764,1,0,0,0,0,0,0,3,3,1
60,82,1,999,0,1.1,93.994,-36.4,4.855,5191.0,0,2919,2,1,0,0,2,0,1,6,2,1
35,65,2,999,0,-1.8,92.89299999999999,-46.2,1.281,5099.1,0,3060,7,2,3,0,0,0,1,6,4,1
56,472,1,999,0,-1.8,93.075,-47.1,1.365,5099.1,0,3233,2,1,6,0,2,0,0,0,2,1
35,585,1,999,0,-1.8,92.89299999999999,-46.2,1.25,5099.1,1,1573,0,1,3,1,0,0,0,6,0,1
32,299,3,999,0,-1.8,92.89299999999999,-46.2,1.2990000000000002,5099.1,0,623,1,1,0,0,0,0,0,6,1,1
35,447,3,999,0,1.4,93.91799999999999,-42.7,4.96,5228.1,0,66,0,2,6,0,2,0,0,3,1,1
45,27,3,999,0,-0.1,93.2,-42.0,4.021,5195.8,0,1377,0,2,6,0,0,0,0,7,0,1
38,252,1,999,0,-0.1,93.2,-42.0,4.0760000000000005,5195.8,0,85,2,0,6,0,2,0,0,7,2,1
57,784,1,999,0,1.4,93.444,-36.1,4.966,5228.1,1,3640,9,1,3,1,0,0,0,1,0,1
24,222,2,999,0,1.4,94.465,-41.8,4.865,5228.1,0,344,7,2,2,1,0,2,1,4,1,1
38,210,2,999,0,1.4,93.91799999999999,-42.7,4.963,5228.1,0,1575,9,2,6,0,2,0,0,3,0,1
31,182,8,999,0,1.1,93.994,-36.4,4.8580000000000005,5191.0,0,3001,0,3,3,0,0,0,1,6,1,1
34,727,3,999,0,1.4,93.91799999999999,-42.7,4.962,5228.1,1,3052,1,1,1,1,0,0,0,3,4,1
32,107,2,999,1,-2.9,92.20100000000001,-31.4,0.8809999999999999,5076.2,0,3959,9,2,5,0,2,0,1,1,0,0
32,72,2,999,0,1.1,93.994,-36.4,4.857,5191.0,0,387,7,1,3,0,1,1,1,6,1,1
40,185,2,999,0,1.4,93.91799999999999,-42.7,4.96,5228.1,0,1584,9,1,6,1,0,0,0,3,1,1
55,147,7,999,0,1.1,93.994,-36.4,4.855,5191.0,0,1736,10,2,0,1,1,1,1,6,0,1
40,98,1,999,0,1.1,93.994,-36.4,4.857,5191.0,0,446,1,1,3,1,2,0,1,6,1,1
45,240,1,999,0,1.1,93.994,-36.4,4.857,5191.0,0,3909,9,1,6,0,2,0,1,6,0,1
36,243,1,999,1,-2.9,92.469,-33.6,1.0290000000000001,5076.2,0,750,9,2,3,0,2,0,0,3,4,0
32,132,1,999,0,-0.1,93.2,-42.0,4.592,5195.8,0,47,0,1,6,0,0,0,1,7,2,1
46,78,1,999,0,-0.1,93.2,-42.0,4.191,5195.8,0,3195,9,1,5,0,2,0,0,7,1,1
25,345,2,999,0,-3.4,92.649,-30.1,0.715,5017.5,0,1605,8,2,3,0,0,0,1,7,3,1
51,112,2,999,0,1.1,93.994,-36.4,4.857,5191.0,0,2806,2,0,6,1,0,2,1,6,1,1
35,356,3,999,0,1.4,93.91799999999999,-42.7,4.962,5228.1,0,2303,0,1,3,1,0,0,0,3,1,1
40,145,2,999,0,1.4,93.91799999999999,-42.7,4.963,5228.1,0,1444,9,2,7,0,2,0,1,3,4,1
38,121,2,999,0,-1.8,92.89299999999999,-46.2,1.266,5099.1,0,3779,1,2,0,0,0,0,0,6,2,1
31,75,4,999,0,1.4,93.91799999999999,-42.7,4.962,5228.1,0,3782,0,2,3,0,0,0,0,3,4,1
47,145,3,3,2,-1.7,94.027,-38.3,0.904,4991.6,0,3217,4,1,6,0,2,0,0,1,1,2
34,51,2,999,0,1.4,94.465,-41.8,4.864,5228.1,0,2978,7,1,3,0,0,0,1,4,3,1
35,121,1,999,0,-1.8,92.89299999999999,-46.2,1.2590000000000001,5099.1,0,3329,0,1,3,0,2,0,0,6,0,1
34,85,3,999,0,-0.1,93.2,-42.0,4.021,5195.8,0,638,0,1,6,0,2,2,0,7,0,1
32,114,1,999,1,-1.8,93.075,-47.1,1.41,5099.1,0,127,1,1,2,0,2,0,0,0,2,0
38,83,1,999,0,-0.1,93.2,-42.0,4.0760000000000005,5195.8,0,1706,4,1,6,0,2,0,0,7,2,1
42,50,2,999,0,-1.8,92.89299999999999,-46.2,1.266,5099.1,0,1025,9,1,5,0,2,2,0,6,2,1
54,337,1,999,0,-1.8,92.89299999999999,-46.2,1.264,5099.1,1,1007,0,2,6,0,0,0,0,6,1,1
49,334,3,999,0,-3.0,92.713,-33.0,0.7170000000000001,5023.5,0,1445,3,2,6,0,0,2,0,2,1,1
71,224,1,999,0,-1.7,94.027,-38.3,0.904,4991.6,0,168,1,0,0,1,0,0,0,1,2,1
41,95,1,3,1,-3.4,92.649,-30.1,0.715,5017.5,1,1867,0,1,6,0,2,0,0,7,3,2
54,99,3,999,0,1.4,93.444,-36.1,4.9639999999999995,5228.1,0,411,1,1,7,0,2,0,0,1,4,1
65,145,2,999,0,-2.9,92.963,-40.8,1.266,5076.2,0,4064,3,1,0,0,0,0,0,4,1,1
50,511,3,999,0,1.4,93.91799999999999,-42.7,4.96,5228.1,0,3148,11,1,0,1,2,0,0,3,1,1
50,117,2,999,0,1.1,93.994,-36.4,4.857,5191.0,0,2971,4,1,6,0,2,0,1,6,4,1
24,10,5,999,0,-1.8,92.89299999999999,-46.2,1.266,5099.1,0,1467,7,1,3,0,0,0,0,6,2,1
49,82,9,999,0,1.1,93.994,-36.4,4.856,5191.0,0,428,9,1,5,1,2,0,1,6,3,1
42,665,1,999,0,-1.8,92.89299999999999,-46.2,1.25,5099.1,0,2445,6,1,5,1,1,1,0,6,0,1
39,206,1,999,0,1.4,93.91799999999999,-42.7,4.966,5228.1,0,2332,9,2,5,0,0,0,1,3,2,1
58,577,1,999,0,-0.1,93.2,-42.0,4.12,5195.8,0,3651,5,1,5,0,0,0,0,7,4,1
42,16,2,999,0,-1.8,92.89299999999999,-46.2,1.281,5099.1,0,65,1,0,1,0,2,0,0,6,4,1
59,85,1,999,0,-0.1,93.79799999999999,-40.4,4.968,5195.8,1,2502,0,1,6,0,0,0,1,8,3,1
34,116,2,999,0,-2.9,92.963,-40.8,1.262,5076.2,0,1495,9,1,6,0,0,0,0,4,3,1
32,234,1,999,0,1.4,93.91799999999999,-42.7,4.968,5228.1,0,2643,9,2,5,0,2,2,0,3,2,1
29,104,10,999,0,-1.8,92.89299999999999,-46.2,1.25,5099.1,0,327,0,2,6,1,2,0,0,6,0,1
46,61,1,999,1,-0.1,93.2,-42.0,4.191,5195.8,0,3562,9,1,5,0,2,0,0,7,1,0
36,159,3,999,0,1.4,93.91799999999999,-42.7,4.958,5228.1,0,1193,1,1,2,1,2,0,0,3,2,1
39,145,2,999,0,1.4,93.444,-36.1,4.9639999999999995,5228.1,0,1963,9,1,5,1,2,0,0,1,4,1
30,198,1,999,0,-0.1,93.2,-42.0,4.1530000000000005,5195.8,0,3589,0,0,6,0,0,2,0,7,3,1
26,588,1,999,0,1.4,93.91799999999999,-42.7,4.963,5228.1,0,3803,7,2,3,0,1,1,1,3,4,1
47,216,1,999,0,1.4,94.465,-41.8,4.961,5228.1,0,2751,4,1,0,0,0,2,1,4,2,1
38,191,1,999,0,-1.8,92.89299999999999,-46.2,1.3130000000000002,5099.1,0,104,0,2,7,0,2,0,0,6,0,1
41,527,2,999,0,-1.8,92.89299999999999,-46.2,1.291,5099.1,0,3371,4,1,3,1,2,0,0,6,3,1
51,53,2,999,0,-0.1,93.2,-42.0,4.021,5195.8,0,2942,0,2,6,1,2,2,0,7,0,1
49,388,1,999,0,1.4,93.91799999999999,-42.7,4.958,5228.1,0,594,9,0,3,0,2,0,0,3,2,1
31,51,8,999,1,-0.1,93.2,-42.0,4.0760000000000005,5195.8,0,2627,9,1,1,0,2,0,1,7,2,0
50,204,5,999,0,1.4,93.444,-36.1,4.965,5228.1,0,2330,9,1,6,0,2,0,0,1,1,1
38,39,1,999,1,-0.1,93.79799999999999,-40.4,4.968,5195.8,0,3667,1,2,7,0,2,0,1,8,3,0
33,147,1,999,0,1.1,93.994,-36.4,4.857,5191.0,0,1840,7,1,3,0,0,0,1,6,4,1
41,184,1,999,0,1.4,93.91799999999999,-42.7,4.962,5228.1,0,3181,9,2,6,0,2,2,0,3,4,1
32,342,3,999,0,-1.8,92.89299999999999,-46.2,1.344,5099.1,0,503,4,0,6,0,0,0,0,6,3,1
36,114,2,999,0,1.1,93.994,-36.4,4.8580000000000005,5191.0,0,1418,9,2,5,0,0,2,1,6,1,1
31,90,1,999,0,-1.8,92.89299999999999,-46.2,1.334,5099.1,0,1962,4,2,3,0,0,0,0,6,4,1
46,996,1,999,0,-0.1,93.2,-42.0,4.021,5195.8,0,3796,4,1,2,0,2,0,0,7,0,1
33,61,2,6,2,-3.4,92.431,-26.9,0.731,5017.5,0,1358,0,2,3,0,2,0,0,8,1,0
49,98,1,999,0,1.4,93.91799999999999,-42.7,4.963,5228.1,0,363,10,1,3,0,2,0,0,3,4,1
42,99,2,999,0,1.1,93.994,-36.4,4.857,5191.0,0,4086,9,2,2,0,2,0,1,6,4,1
42,71,1,999,0,1.4,93.444,-36.1,4.965,5228.1,0,3274,0,1,6,0,2,0,0,1,4,1
32,79,2,999,0,1.4,93.91799999999999,-42.7,4.962,5228.1,0,3855,0,2,6,0,0,0,0,3,1,1
64,239,4,999,0,-1.7,94.027,-38.3,0.905,4991.6,1,937,11,1,7,0,2,0,1,1,0,1
57,483,2,999,0,1.1,93.994,-36.4,4.8580000000000005,5191.0,1,4032,9,1,5,0,2,0,1,6,1,1
59,9,5,999,0,1.4,94.465,-41.8,4.959,5228.1,0,3439,2,1,6,0,0,0,1,4,0,1
47,87,1,999,0,-0.1,93.2,-42.0,4.12,5195.8,0,1978,3,1,7,0,2,0,0,7,4,1
30,166,1,999,1,-1.8,92.89299999999999,-46.2,1.281,5099.1,0,2197,0,1,3,0,0,0,0,6,4,0
40,77,6,999,0,1.4,93.444,-36.1,4.963,5228.1,0,294,4,1,6,0,2,0,0,1,2,1
58,81,1,999,0,-0.1,93.79799999999999,-40.4,4.794,5195.8,0,2976,0,0,3,0,0,0,1,8,2,1
25,274,2,999,0,1.1,93.994,-36.4,4.857,5191.0,0,94,6,1,6,0,2,0,1,6,0,1
32,1119,1,999,0,1.1,93.994,-36.4,4.855,5191.0,1,2987,1,1,5,0,0,0,1,6,2,1
34,123,1,999,0,1.4,94.465,-41.8,4.961,5228.1,0,2096,0,2,3,0,2,2,1,4,1,1
24,160,1,999,0,-3.4,92.431,-26.9,0.72,5017.5,0,892,1,1,2,0,2,0,0,8,0,1
57,48,1,999,0,1.1,93.994,-36.4,4.857,5191.0,0,1330,11,1,7,1,2,0,1,6,1,1
42,588,3,999,0,1.4,93.444,-36.1,4.967,5228.1,0,2732,4,1,3,0,0,0,0,1,4,1
48,288,1,999,0,-0.1,93.2,-42.0,4.12,5195.8,0,310,0,1,6,0,2,0,0,7,4,1
29,42,1,999,0,1.4,93.91799999999999,-42.7,4.962,5228.1,0,644,1,1,3,0,2,0,1,3,4,1
29,321,1,999,0,1.4,93.91799999999999,-42.7,4.958,5228.1,0,981,9,1,3,1,0,0,0,3,2,1
27,184,3,999,0,1.4,93.91799999999999,-42.7,4.963,5228.1,0,357,7,1,3,0,0,0,0,3,2,1
40,675,5,999,0,1.4,94.465,-41.8,4.961,5228.1,0,1141,0,1,3,1,0,0,1,4,3,1
31,142,1,999,0,-3.4,92.431,-26.9,0.722,5017.5,1,733,0,1,3,0,0,0,0,8,2,1
24,89,2,3,1,-3.4,92.37899999999999,-29.8,0.77,5017.5,1,54,9,1,6,0,2,2,0,9,3,2
46,245,1,999,0,1.4,94.465,-41.8,4.865,5228.1,0,1438,2,1,2,0,0,0,1,4,1,1
50,192,2,999,0,1.1,93.994,-36.4,4.857,5191.0,0,652,1,1,2,1,2,0,1,6,1,1
37,211,2,999,0,1.1,93.994,-36.4,4.857,5191.0,0,291,1,2,2,0,0,0,1,6,4,1
43,286,1,999,1,-1.8,92.89299999999999,-46.2,1.344,5099.1,0,1795,1,1,1,0,2,0,0,6,3,0
45,157,3,999,0,1.1,93.994,-36.4,4.857,5191.0,0,975,1,1,1,1,2,0,1,6,4,1
33,369,2,999,0,1.1,93.994,-36.4,4.855,5191.0,0,1206,1,1,1,1,2,2,1,6,2,1
59,22,3,999,0,1.4,93.91799999999999,-42.7,4.968,5228.1,0,3338,5,1,0,0,0,2,1,3,2,1
51,64,1,999,0,1.4,93.91799999999999,-42.7,4.959,5228.1,0,220,5,1,2,1,0,0,0,3,0,1
37,340,3,999,0,1.4,93.91799999999999,-42.7,4.962,5228.1,0,3572,1,1,5,0,2,0,0,3,1,1
55,126,1,999,0,1.4,94.465,-41.8,4.961,5228.1,0,1256,9,1,6,0,0,0,1,4,3,1
35,7,1,999,0,-1.1,94.199,-37.5,0.8759999999999999,4963.6,0,4028,0,1,6,0,2,0,1,9,4,1
53,62,1,999,0,-0.1,93.2,-42.0,4.191,5195.8,0,2129,6,1,2,0,2,0,0,7,1,1
52,190,1,999,0,-0.1,93.2,-42.0,4.191,5195.8,0,165,7,0,3,1,0,0,0,7,1,1
33,85,4,999,0,-1.8,92.89299999999999,-46.2,1.334,5099.1,0,1396,4,1,6,0,2,0,0,6,4,1
48,69,1,999,0,1.4,93.444,-36.1,4.968,5228.1,0,924,9,0,5,0,0,0,0,1,3,1
36,7,6,999,0,-1.8,92.89299999999999,-46.2,1.354,5099.1,0,1009,4,1,6,0,2,0,0,6,1,1
39,200,1,999,0,-1.8,92.89299999999999,-46.2,1.344,5099.1,0,614,7,1,3,0,2,2,0,6,3,1
34,264,4,999,0,-1.8,92.89299999999999,-46.2,1.291,5099.1,0,3494,1,1,2,0,2,0,0,6,3,1
33,1176,1,999,0,-1.8,93.075,-47.1,1.4980000000000002,5099.1,1,2300,4,2,6,0,2,2,0,0,4,1
36,174,1,3,1,-2.9,92.963,-40.8,1.266,5076.2,1,3794,0,1,6,0,0,0,0,4,1,2
32,486,1,999,0,-0.1,93.2,-42.0,4.343,5195.8,1,1352,10,1,5,0,2,0,1,7,3,1
60,347,2,4,1,-1.1,94.76700000000001,-50.8,1.035,4963.6,0,2576,1,1,0,0,2,0,0,7,3,2
28,16,1,999,0,-1.8,92.89299999999999,-46.2,1.327,5099.1,0,1576,1,2,3,0,0,0,0,6,2,1
58,198,4,999,0,1.4,93.91799999999999,-42.7,4.962,5228.1,0,2119,1,1,0,1,2,0,0,3,0,1
33,170,2,999,0,1.4,93.444,-36.1,4.97,5228.1,0,1638,9,0,5,0,2,0,0,1,1,1
38,7,8,999,0,1.4,93.444,-36.1,4.962,5228.1,0,3896,9,0,5,0,0,0,0,1,2,1
31,97,2,999,0,1.1,93.994,-36.4,4.856,5191.0,0,2447,1,1,2,0,2,0,1,6,3,1
29,71,2,999,0,-1.8,93.075,-47.1,1.41,5099.1,0,1767,0,2,6,0,0,0,0,0,2,1
43,305,2,999,0,1.1,93.994,-36.4,4.855,5191.0,0,2226,10,1,2,0,2,0,1,6,2,1
43,193,2,999,0,1.4,94.465,-41.8,4.8660000000000005,5228.1,0,649,0,1,5,0,2,0,1,4,2,1
21,328,1,999,0,-3.4,92.431,-26.9,0.7390000000000001,5017.5,1,2630,8,2,3,0,0,0,0,8,1,1
34,38,1,999,0,1.4,93.444,-36.1,4.9639999999999995,5228.1,0,1931,9,2,6,0,2,2,0,1,2,1
27,215,3,999,0,1.4,93.91799999999999,-42.7,4.963,5228.1,0,3747,6,1,6,0,0,0,1,3,4,1
39,344,2,999,0,1.1,93.994,-36.4,4.86,5191.0,0,1708,0,2,3,1,0,0,1,6,2,1
59,141,4,999,0,1.4,94.465,-41.8,4.959,5228.1,0,1531,5,0,2,1,2,0,1,4,0,1
35,204,2,999,0,1.4,93.444,-36.1,4.966,5228.1,0,3769,9,1,6,0,0,2,0,1,3,1
55,230,4,999,0,1.1,93.994,-36.4,4.855,5191.0,0,2022,0,0,6,0,2,0,1,6,2,1
30,212,4,999,0,-1.7,94.055,-39.8,0.72,4991.6,1,1805,6,1,6,0,0,0,0,4,1,1
35,789,1,999,0,-2.9,92.20100000000001,-31.4,0.883,5076.2,0,2612,0,2,6,0,2,0,0,1,2,1
57,26,5,12,1,-1.8,92.89299999999999,-46.2,1.244,5099.1,0,904,0,2,3,0,2,0,1,6,1,2
32,16,11,999,0,1.1,93.994,-36.4,4.857,5191.0,0,448,0,2,5,0,2,0,1,6,1,1
36,151,1,999,0,1.4,94.465,-41.8,4.961,5228.1,0,3522,9,1,5,0,0,0,1,4,1,1
54,26,3,999,0,1.4,94.465,-41.8,4.961,5228.1,0,4053,5,1,6,1,0,0,1,4,1,1
31,152,1,999,0,1.4,93.91799999999999,-42.7,4.963,5228.1,0,157,1,1,2,0,0,0,0,3,4,1
43,81,1,999,0,-0.1,93.2,-42.0,4.0760000000000005,5195.8,0,574,7,1,3,0,0,0,0,7,2,1
31,237,1,999,0,1.1,93.994,-36.4,4.857,5191.0,0,593,0,2,6,0,0,0,1,6,1,1
43,70,3,999,0,-0.1,93.2,-42.0,4.191,5195.8,0,2044,4,1,3,0,2,2,0,7,1,1
38,239,1,999,0,-1.8,93.075,-47.1,1.453,5099.1,0,1406,1,1,0,0,0,0,0,0,3,1
35,87,1,999,0,1.4,93.444,-36.1,4.965,5228.1,0,3743,3,1,0,0,2,0,0,1,1,1
34,157,5,999,0,-1.1,94.199,-37.5,0.879,4963.6,0,3773,9,1,5,0,2,0,1,9,1,1
33,92,1,999,0,1.1,93.994,-36.4,4.857,5191.0,0,2351,6,2,6,0,0,0,1,6,0,1
44,775,5,999,1,-1.8,92.89299999999999,-46.2,1.354,5099.1,1,470,6,2,5,0,2,0,0,6,1,0
42,163,1,999,0,1.4,93.91799999999999,-42.7,4.962,5228.1,0,1439,0,2,3,0,0,0,0,3,0,1
60,112,1,999,0,1.1,93.994,-36.4,4.86,5191.0,0,468,11,1,6,0,0,2,1,6,2,1
52,809,1,999,0,1.4,93.444,-36.1,4.966,5228.1,1,180,1,1,2,0,0,0,0,1,0,1
55,94,1,999,0,1.1,93.994,-36.4,4.855,5191.0,0,2090,0,1,3,0,0,0,1,6,2,1
49,139,2,999,0,1.4,93.444,-36.1,4.963,5228.1,0,511,1,1,1,0,0,0,0,1,2,1
40,163,1,999,0,1.1,93.994,-36.4,4.857,5191.0,0,1565,0,1,6,1,2,0,1,6,1,1
34,1185,3,999,0,1.1,93.994,-36.4,4.86,5191.0,0,1066,8,2,0,1,2,0,1,6,2,1
36,259,1,999,0,1.4,93.91799999999999,-42.7,4.961,5228.1,0,1213,0,2,3,0,0,0,0,3,3,1
58,344,2,999,0,-1.1,94.76700000000001,-50.8,1.041,4963.6,1,675,10,1,6,0,2,0,0,7,2,1
56,139,2,999,0,1.4,93.444,-36.1,4.965,5228.1,0,2422,5,1,5,0,0,0,0,1,3,1
40,951,2,999,0,1.1,93.994,-36.4,4.8580000000000005,5191.0,0,177,1,1,2,0,2,2,1,6,4,1
48,106,2,999,0,-1.8,92.89299999999999,-46.2,1.266,5099.1,0,364,7,2,0,1,2,2,0,6,2,1
46,358,1,999,1,-0.1,93.2,-42.0,4.0760000000000005,5195.8,0,4075,0,1,6,0,0,0,0,7,2,0
43,262,1,999,0,1.1,93.994,-36.4,4.857,5191.0,0,2561,7,1,3,0,0,2,1,6,3,1
19,338,4,999,0,-1.8,92.89299999999999,-46.2,1.344,5099.1,0,1888,8,2,3,1,2,0,0,6,3,1
40,815,1,999,0,-1.8,93.075,-47.1,1.365,5099.1,1,3797,0,1,6,0,0,0,0,0,2,1
33,272,2,999,0,-1.1,94.199,-37.5,0.878,4963.6,1,1075,0,1,6,0,2,0,0,9,2,1
55,278,1,999,0,-1.8,92.89299999999999,-46.2,1.3130000000000002,5099.1,0,1995,1,0,0,0,0,0,0,6,0,1
27,401,1,999,1,-1.8,93.075,-47.1,1.405,5099.1,0,2131,0,2,6,0,2,0,0,0,0,0
55,217,2,999,0,1.1,93.994,-36.4,4.857,5191.0,0,768,5,0,5,0,0,2,1,6,4,1
37,291,1,999,0,1.4,93.91799999999999,-42.7,4.96,5228.1,0,3504,0,2,3,0,2,0,0,3,1,1
37,56,4,999,0,1.4,93.91799999999999,-42.7,4.961,5228.1,0,1877,3,1,0,0,0,0,0,3,3,1
29,332,1,999,0,1.4,93.91799999999999,-42.7,4.962,5228.1,0,1697,9,1,5,0,2,0,0,3,4,1
52,139,1,999,0,-0.1,93.2,-42.0,4.0760000000000005,5195.8,0,3339,6,2,5,0,0,2,0,7,2,1
41,175,2,999,1,-1.8,92.89299999999999,-46.2,1.291,5099.1,0,2476,9,2,5,0,2,0,0,6,3,0
47,282,1,999,0,-1.8,92.89299999999999,-46.2,1.27,5099.1,0,2762,4,1,3,0,0,0,0,6,4,1
45,315,1,999,0,1.1,93.994,-36.4,4.857,5191.0,0,1643,11,1,7,1,0,0,1,6,3,1
33,106,2,999,0,-1.8,93.075,-47.1,1.435,5099.1,0,3010,9,2,6,0,2,0,0,0,2,1
56,135,1,999,0,1.4,93.91799999999999,-42.7,4.963,5228.1,0,1776,5,1,5,0,0,0,0,3,4,1
35,252,5,999,0,1.4,93.444,-36.1,4.967,5228.1,0,1781,0,1,6,0,2,0,0,1,4,1
45,185,1,999,0,1.4,94.465,-41.8,4.865,5228.1,0,483,1,2,2,0,0,0,1,4,1,1
44,97,1,999,0,1.4,93.91799999999999,-42.7,4.962,5228.1,0,3384,0,1,3,0,2,0,0,3,4,1
42,1013,3,999,0,-1.7,94.027,-38.3,0.898,4991.6,0,577,0,2,6,0,0,0,0,1,1,1
38,152,1,999,0,1.1,93.994,-36.4,4.857,5191.0,0,2641,9,2,3,0,0,0,1,6,4,1
43,431,2,999,0,-1.8,92.89299999999999,-46.2,1.281,5099.1,0,2346,0,1,3,1,0,0,0,6,4,1
25,304,2,999,0,1.1,93.994,-36.4,4.859,5191.0,0,1710,1,2,0,0,2,0,1,6,0,1
34,381,3,999,0,1.4,94.465,-41.8,4.947,5228.1,0,732,1,1,1,0,0,0,1,4,0,1
41,491,1,999,2,-1.8,92.89299999999999,-46.2,1.3130000000000002,5099.1,0,3511,1,1,2,0,0,0,0,6,0,0
59,146,1,999,0,1.1,93.994,-36.4,4.86,5191.0,0,1813,2,1,6,1,0,0,1,6,2,1
32,187,1,999,0,-1.8,92.89299999999999,-46.2,1.327,5099.1,0,1570,0,1,3,0,0,0,0,6,2,1
46,329,2,9,4,-1.7,94.027,-38.3,0.904,4991.6,0,3663,0,2,3,0,0,0,0,1,2,0
29,54,1,6,1,-1.8,92.89299999999999,-46.2,1.281,5099.1,0,3341,1,1,2,0,0,0,0,6,4,2
28,202,1,999,0,-2.9,92.20100000000001,-31.4,0.879,5076.2,0,1485,0,2,6,0,0,0,0,1,4,1
57,313,1,999,0,1.4,93.91799999999999,-42.7,4.962,5228.1,0,3102,6,1,6,0,0,0,0,3,2,1
26,181,2,999,0,-2.9,92.963,-40.8,1.244,5076.2,0,1048,6,2,6,0,2,0,0,4,4,1
32,240,1,999,0,1.4,93.91799999999999,-42.7,4.963,5228.1,0,3012,1,1,2,1,0,0,0,3,2,1
41,213,2,999,0,1.1,93.994,-36.4,4.857,5191.0,0,2341,4,1,6,1,0,0,1,6,1,1
49,181,4,999,1,-1.8,92.89299999999999,-46.2,1.291,5099.1,0,1845,0,0,3,0,2,0,0,6,3,0
49,43,3,999,0,-1.8,92.89299999999999,-46.2,1.281,5099.1,0,2659,0,1,0,0,2,0,0,6,4,1
49,58,10,999,0,1.1,93.994,-36.4,4.8580000000000005,5191.0,0,402,6,2,2,0,0,0,1,6,1,1
29,96,3,999,0,-0.1,93.2,-42.0,4.12,5195.8,0,2063,1,1,3,0,2,0,0,7,4,1
33,220,4,999,0,1.4,94.465,-41.8,4.961,5228.1,0,1692,9,1,5,0,0,0,1,4,1,1
55,244,2,6,3,-1.7,94.027,-38.3,0.904,4991.6,1,2188,0,0,3,0,2,0,0,1,3,2
58,129,2,999,0,1.4,93.444,-36.1,4.965,5228.1,0,3587,0,1,6,0,0,0,0,1,1,1
29,116,2,999,0,1.4,93.444,-36.1,4.966,5228.1,0,256,4,1,6,0,2,2,0,1,3,1
31,301,1,999,0,1.1,93.994,-36.4,4.857,5191.0,0,2029,1,1,2,0,0,0,1,6,3,1
49,88,6,999,0,-0.1,93.2,-42.0,4.0760000000000005,5195.8,0,4050,4,0,1,0,0,0,1,7,2,1
35,146,2,999,0,-1.8,92.89299999999999,-46.2,1.2990000000000002,5099.1,0,831,9,2,5,0,1,1,0,6,1,1
45,505,1,999,0,1.4,93.444,-36.1,4.9639999999999995,5228.1,1,89,0,2,6,0,0,0,0,1,2,1
36,67,6,999,0,1.4,93.91799999999999,-42.7,4.968,5228.1,0,2331,0,2,6,0,0,0,0,3,2,1
31,213,1,999,0,1.4,93.444,-36.1,4.966,5228.1,0,889,3,2,5,1,2,2,0,1,3,1
50,1365,2,999,1,-1.8,93.075,-47.1,1.41,5099.1,1,3263,1,1,2,0,2,0,0,0,2,0
40,300,5,999,0,1.4,93.91799999999999,-42.7,4.96,5228.1,0,91,10,2,3,0,2,0,0,3,1,1
31,146,2,12,3,-1.1,94.601,-49.5,0.982,4963.6,0,912,9,1,6,0,0,0,0,8,3,0
31,537,1,999,0,1.4,93.91799999999999,-42.7,4.962,5228.1,1,3763,7,1,2,0,2,0,0,3,4,1
53,1186,4,999,0,1.4,93.444,-36.1,4.968,5228.1,1,3150,1,1,0,1,2,0,1,1,3,1
44,135,3,999,0,1.4,93.444,-36.1,4.97,5228.1,0,3590,1,1,2,0,0,0,0,1,1,1
57,161,1,999,0,1.4,93.444,-36.1,4.966,5228.1,0,1016,0,1,6,1,2,0,0,1,0,1
26,342,5,999,0,1.4,93.91799999999999,-42.7,4.963,5228.1,0,2356,0,2,6,0,0,0,1,3,4,1
55,228,2,999,0,1.4,94.465,-41.8,4.865,5228.1,0,646,5,0,1,1,0,0,1,4,1,1
40,394,1,999,0,-1.8,92.89299999999999,-46.2,1.344,5099.1,0,3137,9,1,3,0,2,0,0,6,3,1
38,67,2,999,0,-0.1,93.2,-42.0,4.1530000000000005,5195.8,0,2975,0,1,3,0,2,0,0,7,3,1
39,43,3,999,0,-0.1,93.2,-42.0,4.0760000000000005,5195.8,0,2646,7,2,6,1,2,0,0,7,2,1
52,10,3,999,0,1.4,94.465,-41.8,4.959,5228.1,0,3839,9,1,6,1,0,0,1,4,0,1
56,242,1,999,0,1.1,93.994,-36.4,4.856,5191.0,0,3114,0,1,3,0,0,0,1,6,3,1
54,339,3,999,0,1.4,94.465,-41.8,4.958,5228.1,0,307,1,0,7,1,2,0,1,4,2,1
47,298,3,999,0,1.4,93.91799999999999,-42.7,4.962,5228.1,0,575,1,1,1,0,2,2,0,3,1,1
29,73,6,999,0,1.4,93.91799999999999,-42.7,4.957,5228.1,0,3912,0,2,6,0,2,0,1,3,4,1
25,155,1,999,0,1.1,93.994,-36.4,4.859,5191.0,0,885,1,2,2,0,2,0,1,6,4,1
38,195,2,999,0,-2.9,92.469,-33.6,0.914,5076.2,0,1566,0,2,6,0,2,0,1,3,1,1
41,1111,3,999,0,1.1,93.994,-36.4,4.857,5191.0,1,2336,0,2,7,0,2,2,1,6,1,1
35,634,2,999,0,1.1,93.994,-36.4,4.8580000000000005,5191.0,0,534,1,1,5,0,2,2,1,6,4,1
37,274,1,999,0,-0.1,93.2,-42.0,4.12,5195.8,0,1518,0,1,6,0,0,0,1,7,4,1
27,352,1,999,0,-1.8,92.89299999999999,-46.2,1.344,5099.1,0,857,1,2,2,0,2,0,0,6,3,1
28,273,5,999,0,1.4,94.465,-41.8,4.96,5228.1,0,3838,1,1,1,1,2,0,1,4,1,1
25,23,1,999,0,-1.8,92.89299999999999,-46.2,1.2990000000000002,5099.1,0,747,1,2,3,1,2,0,0,6,1,1
45,49,1,999,0,1.4,93.91799999999999,-42.7,4.962,5228.1,0,3740,0,1,5,0,0,0,0,3,0,1
41,160,6,999,0,1.1,93.994,-36.4,4.859,5191.0,0,3913,1,1,1,1,2,0,1,6,0,1
33,1019,11,999,0,1.4,93.91799999999999,-42.7,4.957,5228.1,1,1751,1,1,2,0,2,0,0,3,4,1
39,543,29,999,0,1.4,93.91799999999999,-42.7,4.968,5228.1,0,3242,7,1,3,0,2,0,0,3,2,1
31,243,2,999,1,-1.8,93.876,-40.0,0.677,5008.7,1,1864,8,2,7,0,0,0,0,6,2,0
45,64,1,999,2,-3.4,92.37899999999999,-29.8,0.741,5017.5,0,2214,0,1,6,0,2,0,0,9,0,0
38,295,2,999,0,1.4,93.444,-36.1,4.968,5228.1,0,1718,3,1,6,0,2,0,0,1,3,1
30,231,1,999,0,-1.8,92.89299999999999,-46.2,1.2990000000000002,5099.1,0,2213,1,1,2,0,2,2,0,6,1,1
44,203,4,999,0,1.1,93.994,-36.4,4.855,5191.0,0,3756,9,1,5,1,0,2,1,6,0,1
29,94,2,999,0,1.4,93.444,-36.1,4.9639999999999995,5228.1,0,808,9,1,6,0,2,2,0,1,4,1
48,284,2,999,0,1.1,93.994,-36.4,4.857,5191.0,0,1762,1,1,2,0,0,0,1,6,3,1
36,248,1,999,0,-0.1,93.2,-42.0,4.021,5195.8,0,578,0,1,6,0,2,0,0,7,0,1
38,843,8,999,0,1.4,93.91799999999999,-42.7,4.961,5228.1,0,2352,6,2,7,0,0,0,0,3,3,1
44,533,1,999,0,-1.8,92.89299999999999,-46.2,1.266,5099.1,1,1653,7,0,3,0,2,0,0,6,2,1
47,208,4,999,1,-1.8,92.89299999999999,-46.2,1.2990000000000002,5099.1,0,3774,1,1,1,1,2,0,0,6,1,0
32,173,3,999,0,1.4,93.91799999999999,-42.7,4.963,5228.1,0,517,0,1,5,0,2,0,0,3,4,1
56,77,5,999,0,1.4,94.465,-41.8,4.961,5228.1,0,1224,3,0,0,1,2,0,1,4,3,1
32,67,4,999,0,1.4,93.444,-36.1,4.9639999999999995,5228.1,0,3020,9,1,5,0,0,0,0,1,4,1
30,129,3,999,0,1.4,93.444,-36.1,4.9639999999999995,5228.1,0,2545,9,2,5,0,2,0,0,1,4,1
41,263,1,999,0,-1.8,93.075,-47.1,1.466,5099.1,0,1247,10,1,2,0,2,0,0,0,1,1
24,115,1,999,0,1.4,93.91799999999999,-42.7,4.963,5228.1,0,3379,1,2,1,0,0,0,1,3,4,1
53,178,2,999,0,1.4,93.444,-36.1,4.9639999999999995,5228.1,0,1563,9,1,5,0,2,0,0,1,2,1
51,151,2,999,0,-2.9,92.963,-40.8,1.268,5076.2,0,33,9,2,6,0,0,0,0,4,0,1
41,464,2,999,0,-1.8,93.075,-47.1,1.405,5099.1,0,1159,0,2,7,1,2,0,0,0,0,1
54,461,3,999,0,1.1,93.994,-36.4,4.855,5191.0,0,319,0,1,6,0,2,0,1,6,2,1
36,263,1,999,0,1.4,93.444,-36.1,4.9639999999999995,5228.1,0,3828,0,0,3,0,0,2,0,1,0,1
37,212,7,999,0,1.4,93.444,-36.1,4.9639999999999995,5228.1,0,3639,0,2,6,0,2,0,0,1,0,1
32,1046,1,999,0,-1.8,92.89299999999999,-46.2,1.327,5099.1,1,2965,0,2,5,0,2,2,0,6,2,1
39,352,1,999,0,-0.1,93.2,-42.0,4.0760000000000005,5195.8,0,3268,4,1,7,0,0,0,0,7,2,1
25,394,2,999,0,1.4,94.465,-41.8,4.959,5228.1,0,121,6,1,5,0,2,0,1,4,4,1
57,187,1,999,0,1.4,94.465,-41.8,4.961,5228.1,0,2520,9,0,6,0,0,2,1,4,3,1
55,525,2,999,0,1.4,93.91799999999999,-42.7,4.957,5228.1,0,1635,1,1,0,0,0,0,0,3,4,1
28,77,1,999,1,-1.8,92.89299999999999,-46.2,1.2990000000000002,5099.1,0,1363,9,2,5,0,2,0,0,6,1,0
49,667,3,999,0,1.1,93.994,-36.4,4.857,5191.0,0,984,1,1,2,1,0,2,1,6,4,1
43,456,1,999,0,1.1,93.994,-36.4,4.86,5191.0,0,3994,10,1,6,1,0,0,1,6,2,1
29,87,2,999,1,-3.4,92.431,-26.9,0.731,5017.5,0,3377,0,2,6,0,0,0,0,8,1,0
34,144,5,999,0,1.4,93.91799999999999,-42.7,4.962,5228.1,0,532,9,1,5,0,2,0,0,3,4,1
29,73,1,999,0,-0.1,93.2,-42.0,4.1530000000000005,5195.8,0,2834,4,2,6,0,0,2,0,7,3,1
45,449,2,5,3,-1.1,94.76700000000001,-50.8,1.05,4963.6,1,421,1,1,3,0,2,2,0,7,1,2
32,689,1,999,0,-1.8,92.89299999999999,-46.2,1.2990000000000002,5099.1,1,1967,0,1,3,0,2,0,0,6,1,1
49,344,2,999,0,1.1,93.994,-36.4,4.855,5191.0,0,169,7,1,3,0,2,0,1,6,0,1
49,282,1,999,0,1.1,93.994,-36.4,4.86,5191.0,0,407,1,1,0,1,2,0,1,6,2,1
33,74,1,999,1,-1.8,92.89299999999999,-46.2,1.264,5099.1,0,3258,10,1,3,0,2,0,0,6,1,0
37,81,2,999,1,-1.8,92.89299999999999,-46.2,1.25,5099.1,0,2742,7,1,3,0,2,0,0,6,0,0
31,73,1,999,0,1.4,93.444,-36.1,4.963,5228.1,0,519,6,1,6,0,2,0,0,1,0,1
42,1002,5,999,0,1.1,93.994,-36.4,4.857,5191.0,0,2633,6,1,6,0,2,0,1,6,1,1
35,167,2,999,0,1.4,93.91799999999999,-42.7,4.96,5228.1,0,1354,0,2,6,0,2,0,0,3,1,1
29,139,2,999,0,1.4,93.91799999999999,-42.7,4.963,5228.1,0,2402,0,2,3,1,2,0,0,3,0,1
32,151,5,999,0,-1.8,92.89299999999999,-46.2,1.266,5099.1,0,4109,0,1,6,0,2,0,1,6,2,1
32,6,4,999,0,-1.8,92.89299999999999,-46.2,1.25,5099.1,0,2674,0,2,5,0,0,2,0,6,0,1
43,107,2,999,0,-0.1,93.2,-42.0,4.191,5195.8,0,3176,1,1,3,0,2,0,0,7,1,1
32,76,17,999,0,1.1,93.994,-36.4,4.859,5191.0,0,1489,9,0,5,0,2,0,1,6,0,1
76,352,1,3,1,-1.7,94.055,-39.8,0.7609999999999999,4991.6,1,1851,5,1,5,1,2,0,0,4,3,2
42,111,3,999,0,1.4,93.91799999999999,-42.7,4.96,5228.1,0,1379,1,0,2,0,0,0,0,3,1,1
39,82,5,999,0,1.4,93.91799999999999,-42.7,4.961,5228.1,0,2937,1,1,7,0,2,0,0,3,3,1
30,111,2,999,0,-1.8,92.89299999999999,-46.2,1.244,5099.1,0,2470,7,2,3,0,0,0,0,6,1,1
45,114,2,999,0,1.4,93.91799999999999,-42.7,4.961,5228.1,0,3025,0,1,6,0,0,0,0,3,3,1
39,193,2,999,0,1.1,93.994,-36.4,4.855,5191.0,0,2936,1,1,2,1,0,0,1,6,2,1
31,239,2,999,0,1.1,93.994,-36.4,4.859,5191.0,0,3134,0,2,6,0,0,0,1,6,0,1
40,130,1,7,2,-3.4,92.649,-30.1,0.7140000000000001,5017.5,1,610,9,2,6,0,0,0,0,7,1,0
39,135,2,999,0,1.4,94.465,-41.8,4.961,5228.1,0,115,0,1,6,0,0,0,1,4,1,1
43,488,2,999,0,-0.1,93.2,-42.0,4.191,5195.8,0,1344,4,0,3,0,2,0,0,7,1,1
35,35,1,999,0,1.1,93.994,-36.4,4.859,5191.0,0,1209,0,1,3,1,1,1,1,6,4,1
18,297,1,999,0,-1.7,94.027,-38.3,0.9,4991.6,0,900,8,2,7,0,2,2,1,1,4,1
47,245,1,999,1,-1.8,93.075,-47.1,1.405,5099.1,0,1460,4,1,3,0,0,2,0,0,0,0
34,686,1,999,0,-0.1,93.2,-42.0,4.12,5195.8,1,662,9,1,6,0,2,0,0,7,4,1
52,112,1,999,0,1.4,93.444,-36.1,4.963,5228.1,0,3317,1,1,2,0,0,2,0,1,0,1
32,157,3,999,0,1.4,93.91799999999999,-42.7,4.957,5228.1,0,50,7,1,3,0,0,2,0,3,0,1
67,68,4,999,1,-3.4,92.649,-30.1,0.72,5017.5,0,3273,6,1,6,0,2,0,0,7,3,0
33,82,1,999,0,1.1,93.994,-36.4,4.857,5191.0,0,320,2,1,2,1,0,0,1,6,3,1
34,289,1,999,0,1.1,93.994,-36.4,4.857,5191.0,0,2721,1,2,2,1,0,0,1,6,1,1
34,420,6,999,0,1.4,93.91799999999999,-42.7,4.968,5228.1,0,3834,9,0,7,0,2,0,0,3,2,1
31,258,2,999,0,1.1,93.994,-36.4,4.855,5191.0,0,2477,9,1,5,0,0,0,1,6,0,1
30,149,1,999,1,-1.8,92.89299999999999,-46.2,1.327,5099.1,0,1215,2,0,1,0,0,2,0,6,2,0
26,1447,2,999,0,-1.8,92.84299999999999,-50.0,1.811,5099.1,1,978,8,2,2,0,2,0,0,5,1,1
45,165,1,999,3,-1.8,93.876,-40.0,0.6920000000000001,5008.7,0,1753,4,1,2,0,2,0,0,6,2,0
41,341,2,999,0,1.1,93.994,-36.4,4.855,5191.0,0,1757,4,0,6,1,2,2,1,6,2,1
44,33,4,999,0,1.1,93.994,-36.4,4.857,5191.0,0,2343,1,1,2,1,2,0,1,6,1,1
28,261,3,999,0,1.4,93.91799999999999,-42.7,4.961,5228.1,0,3972,9,1,5,0,0,0,0,3,3,1
38,68,2,999,0,1.4,93.91799999999999,-42.7,4.958,5228.1,0,3249,4,1,6,0,2,2,0,3,2,1
30,176,1,999,0,-1.8,93.075,-47.1,1.405,5099.1,0,3372,8,2,7,0,2,0,0,0,4,1
34,487,5,999,0,1.4,93.91799999999999,-42.7,4.963,5228.1,0,902,1,1,2,0,2,0,0,3,4,1
33,595,2,999,0,1.4,93.91799999999999,-42.7,4.957,5228.1,0,1279,0,1,3,0,0,0,0,3,0,1
35,523,1,999,1,-1.8,92.89299999999999,-46.2,1.344,5099.1,0,122,1,0,2,0,2,0,0,6,3,0
44,73,3,999,0,1.1,93.994,-36.4,4.857,5191.0,0,2590,1,1,3,1,2,0,1,6,1,1
37,262,2,999,0,1.4,94.465,-41.8,4.967,5228.1,0,2116,3,1,6,0,2,0,1,4,0,1
54,58,3,999,2,-1.8,93.075,-47.1,1.405,5099.1,0,1291,9,1,3,0,0,0,0,0,1,0
58,289,1,3,4,-1.8,93.876,-40.0,0.6829999999999999,5008.7,1,2863,4,1,6,0,0,0,0,6,2,2
54,149,2,999,0,-0.1,93.2,-42.0,4.1530000000000005,5195.8,0,2395,9,1,5,0,2,0,0,7,3,1
36,142,1,999,0,-1.8,92.89299999999999,-46.2,1.2990000000000002,5099.1,0,3057,0,1,3,0,2,2,0,6,1,1
32,200,1,999,0,1.4,93.444,-36.1,4.97,5228.1,0,1408,0,2,6,0,0,0,0,1,1,1
40,85,1,999,0,1.4,93.444,-36.1,4.9639999999999995,5228.1,0,1328,9,2,3,0,0,0,0,1,0,1
34,455,3,999,0,1.4,93.444,-36.1,4.967,5228.1,1,665,9,2,6,0,2,2,0,1,4,1
30,739,2,999,0,-1.8,93.075,-47.1,1.483,5099.1,1,2870,0,1,6,0,2,2,0,0,2,1
54,100,17,999,0,1.4,94.465,-41.8,4.96,5228.1,0,3878,2,1,6,1,0,0,1,4,1,1
36,770,7,999,0,1.4,93.444,-36.1,4.965,5228.1,0,3420,0,2,6,0,2,0,0,1,1,1
35,171,1,999,0,1.4,93.444,-36.1,4.963,5228.1,0,2746,9,1,3,0,1,1,0,1,0,1
34,208,4,999,0,-1.8,92.89299999999999,-46.2,1.3130000000000002,5099.1,0,2737,1,1,6,0,0,2,0,6,0,1
39,225,2,999,0,1.4,93.444,-36.1,4.965,5228.1,0,2438,9,1,3,0,0,0,0,1,1,1
54,698,1,999,0,-1.8,93.075,-47.1,1.405,5099.1,0,81,9,1,5,1,2,0,0,0,1,1
52,80,3,999,0,1.1,93.994,-36.4,4.86,5191.0,0,3965,7,1,2,1,0,0,1,6,2,1
36,84,3,999,0,1.1,93.994,-36.4,4.857,5191.0,0,2929,0,0,3,0,2,0,1,6,1,1
55,182,1,999,1,-0.1,93.2,-42.0,4.021,5195.8,0,1970,9,1,5,0,0,0,0,7,0,0
28,68,2,999,1,-1.8,92.89299999999999,-46.2,1.2990000000000002,5099.1,0,28,1,1,1,1,0,0,0,6,1,0
46,128,1,999,0,1.4,93.444,-36.1,4.968,5228.1,0,3374,9,2,5,0,0,0,0,1,2,1
55,220,7,999,0,-1.8,93.369,-34.8,0.654,5008.7,0,3159,0,1,6,0,2,0,1,5,2,1
35,131,1,999,0,1.1,93.994,-36.4,4.856,5191.0,0,843,1,0,2,0,0,2,1,6,3,1
42,92,5,999,0,1.1,93.994,-36.4,4.857,5191.0,0,1194,1,1,2,0,0,0,1,6,4,1
48,298,2,999,0,-0.1,93.2,-42.0,4.0760000000000005,5195.8,0,2629,0,1,6,0,0,0,0,7,2,1
46,440,1,999,0,1.1,93.994,-36.4,4.857,5191.0,0,272,1,1,1,1,2,2,1,6,1,1
51,50,3,999,0,1.4,93.444,-36.1,4.966,5228.1,0,3761,9,0,5,0,0,2,0,1,0,1
53,140,2,999,0,-0.1,93.2,-42.0,4.1530000000000005,5195.8,0,3506,0,1,5,0,2,2,0,7,3,1
58,533,1,999,0,1.4,93.91799999999999,-42.7,4.961,5228.1,0,1842,3,1,0,1,0,0,0,3,3,1
56,88,2,999,0,1.1,93.994,-36.4,4.857,5191.0,0,2357,5,1,0,0,0,0,1,6,4,1
34,320,1,999,0,1.4,93.91799999999999,-42.7,4.96,5228.1,0,1703,1,1,1,0,2,0,0,3,1,1
43,114,1,999,1,-1.8,92.89299999999999,-46.2,1.2590000000000001,5099.1,0,1414,2,1,5,0,2,2,0,6,0,0
30,207,1,999,0,1.1,93.994,-36.4,4.857,5191.0,0,1211,1,2,2,0,0,0,1,6,4,1
43,180,5,999,0,1.1,93.994,-36.4,4.856,5191.0,0,1772,1,1,0,1,2,0,1,6,4,1
41,389,2,999,0,-1.8,92.89299999999999,-46.2,1.334,5099.1,0,739,1,1,0,0,2,2,0,6,4,1
35,108,4,999,0,1.4,93.444,-36.1,4.962,5228.1,0,2414,4,1,6,0,2,0,0,1,2,1
51,89,2,999,0,-1.8,93.075,-47.1,1.3719999999999999,5099.1,0,1263,1,1,1,0,2,0,0,0,4,1
58,1234,3,999,0,1.1,93.994,-36.4,4.857,5191.0,1,1321,0,2,6,0,0,0,1,6,1,1
40,133,2,999,0,-1.8,92.89299999999999,-46.2,1.25,5099.1,0,2532,9,1,6,0,2,2,0,6,0,1
36,137,2,999,0,-1.8,92.89299999999999,-46.2,1.291,5099.1,0,2968,0,1,3,0,2,0,0,6,3,1
52,91,1,999,0,1.4,93.444,-36.1,4.968,5228.1,0,100,0,1,7,0,0,0,0,1,3,1
57,76,5,999,0,1.1,93.994,-36.4,4.857,5191.0,0,1672,9,1,6,1,0,2,1,6,1,1
41,72,3,999,0,1.1,93.994,-36.4,4.857,5191.0,0,2177,0,0,3,0,0,0,1,6,3,1
31,11,9,999,0,-1.8,92.89299999999999,-46.2,1.344,5099.1,0,1685,10,2,6,0,2,0,0,6,3,1
29,69,2,999,0,-0.1,93.2,-42.0,4.021,5195.8,0,2687,1,2,1,0,0,0,1,7,0,1
33,90,1,999,0,1.4,93.444,-36.1,4.967,5228.1,0,3766,9,2,5,0,2,0,0,1,4,1
46,59,4,999,0,1.4,93.91799999999999,-42.7,4.962,5228.1,0,18,0,0,6,0,2,0,1,3,1,1
24,240,4,999,0,-1.8,92.89299999999999,-46.2,1.266,5099.1,0,738,9,2,5,0,0,0,1,6,3,1
29,64,1,999,0,1.1,93.994,-36.4,4.857,5191.0,0,2568,9,1,5,0,0,0,1,6,3,1
58,548,1,999,0,1.4,93.91799999999999,-42.7,4.968,5228.1,0,3316,6,0,6,0,2,0,0,3,2,1
25,35,6,999,0,1.4,94.465,-41.8,4.96,5228.1,0,255,9,2,6,0,2,2,1,4,1,1
41,280,3,999,0,1.4,94.465,-41.8,4.967,5228.1,0,233,10,1,7,0,0,0,1,4,0,1
41,114,3,999,0,1.4,93.444,-36.1,4.965,5228.1,0,1033,0,1,6,0,0,2,0,1,1,1
25,498,1,999,0,1.1,93.994,-36.4,4.855,5191.0,0,2403,0,1,3,0,0,0,1,6,0,1
30,53,1,999,0,1.4,93.91799999999999,-42.7,4.958,5228.1,0,4115,0,1,1,0,2,2,0,3,2,1
53,111,2,999,0,-1.8,93.075,-47.1,1.405,5099.1,0,2833,4,1,6,0,2,0,0,0,0,1
27,68,3,999,0,1.4,93.91799999999999,-42.7,4.961,5228.1,0,1723,1,2,1,0,0,0,1,3,3,1
50,144,1,999,0,1.1,93.994,-36.4,4.856,5191.0,0,1051,7,1,7,1,0,0,1,6,3,1
38,136,2,999,0,-1.8,92.89299999999999,-46.2,1.3130000000000002,5099.1,0,2159,1,2,3,0,0,0,0,6,0,1
29,342,1,999,1,-1.8,92.89299999999999,-46.2,1.291,5099.1,0,1735,1,1,1,0,0,0,0,6,3,0
52,188,3,999,0,1.4,93.91799999999999,-42.7,4.958,5228.1,0,1855,3,2,6,0,0,0,0,3,2,1
37,107,1,999,1,-1.8,92.89299999999999,-46.2,1.344,5099.1,0,2556,4,2,6,0,0,0,0,6,3,0
38,119,1,999,0,-1.8,92.84299999999999,-50.0,1.757,5099.1,0,3563,9,1,5,0,0,0,0,5,2,1
59,1241,1,999,0,1.4,93.444,-36.1,4.9639999999999995,5228.1,0,2669,0,1,5,0,2,2,0,1,0,1
31,166,2,999,0,1.4,93.444,-36.1,4.963,5228.1,0,3879,4,1,6,0,0,2,0,1,2,1
42,174,1,999,0,1.4,94.465,-41.8,4.967,5228.1,0,3571,7,1,3,0,2,0,1,4,0,1
36,506,2,999,0,-1.8,93.075,-47.1,1.405,5099.1,0,1640,0,1,6,0,2,0,0,0,1,1
51,132,2,999,0,1.4,93.444,-36.1,4.968,5228.1,0,413,1,1,0,0,0,0,0,1,3,1
39,261,1,3,1,-3.4,92.37899999999999,-29.8,0.7879999999999999,5017.5,1,1089,6,0,3,0,0,0,0,9,3,2
33,101,2,999,1,-0.1,93.2,-42.0,4.12,5195.8,0,3328,0,2,6,0,2,0,0,7,4,0
29,13,9,999,1,-1.8,92.89299999999999,-46.2,1.25,5099.1,0,1174,1,2,0,0,2,0,0,6,0,0
55,599,4,999,0,1.4,93.91799999999999,-42.7,4.961,5228.1,0,1061,5,1,0,1,0,2,0,3,3,1
39,582,1,999,0,1.4,94.465,-41.8,4.958,5228.1,0,2874,2,1,3,0,2,0,1,4,2,1
52,607,5,999,0,1.4,93.444,-36.1,4.963,5228.1,0,2503,7,1,3,0,2,0,0,1,3,1
35,294,1,999,0,1.1,93.994,-36.4,4.857,5191.0,0,587,9,2,6,0,2,0,1,6,4,1
51,113,2,999,0,-1.8,92.89299999999999,-46.2,1.327,5099.1,0,1996,7,1,5,1,0,0,0,6,2,1
34,267,2,999,0,1.4,94.465,-41.8,4.961,5228.1,0,247,3,2,6,0,0,0,1,4,2,1
42,311,6,999,0,1.4,93.91799999999999,-42.7,4.962,5228.1,0,143,0,1,3,0,2,0,0,3,0,1
41,172,1,999,0,1.4,93.444,-36.1,4.962,5228.1,0,2994,4,1,6,1,2,0,0,1,2,1
31,367,2,999,1,-3.0,92.713,-33.0,0.7090000000000001,5023.5,1,2001,0,1,5,0,0,2,0,2,1,0
47,243,4,999,0,-2.9,92.963,-40.8,1.281,5076.2,1,780,0,2,6,0,2,0,0,4,1,1
36,255,2,999,0,-1.8,92.89299999999999,-46.2,1.291,5099.1,0,864,7,0,2,0,2,0,0,6,3,1
37,252,1,999,0,-0.1,93.2,-42.0,4.0760000000000005,5195.8,0,391,4,1,6,0,2,0,0,7,2,1
59,1019,2,2,1,-2.9,92.20100000000001,-31.4,0.884,5076.2,1,3758,0,1,3,0,2,0,0,1,4,2
81,621,1,999,2,-1.1,94.601,-49.5,1.016,4963.6,1,4067,5,1,0,0,2,0,0,8,4,0
45,800,2,999,0,1.4,93.91799999999999,-42.7,4.962,5228.1,0,2512,0,0,3,0,2,0,0,3,0,1
56,143,3,999,0,1.1,93.994,-36.4,4.857,5191.0,0,3680,9,1,0,0,2,0,1,6,1,1
34,101,4,999,1,-1.8,92.89299999999999,-46.2,1.25,5099.1,0,783,0,2,6,0,0,0,0,6,0,0
54,196,2,999,0,1.1,93.994,-36.4,4.857,5191.0,0,4087,9,1,5,0,2,2,1,6,1,1
48,112,1,4,1,-0.1,93.2,-42.0,4.191,5195.8,0,3387,4,1,6,0,2,0,0,7,1,2
38,159,1,999,1,-1.8,92.89299999999999,-46.2,1.2990000000000002,5099.1,0,3792,1,1,2,0,0,2,1,6,1,0
32,71,4,999,0,1.4,93.91799999999999,-42.7,4.961,5228.1,0,718,3,2,6,1,2,0,0,3,3,1
60,82,1,999,0,-3.4,92.431,-26.9,0.7390000000000001,5017.5,0,3577,5,1,0,0,0,0,0,8,1,1
36,199,1,999,0,1.4,94.465,-41.8,4.961,5228.1,0,2803,0,1,6,0,0,0,1,4,1,1
41,142,2,999,0,1.4,94.465,-41.8,4.8660000000000005,5228.1,0,930,1,1,2,1,0,0,1,4,2,1
26,124,1,999,0,1.4,93.91799999999999,-42.7,4.962,5228.1,0,2471,4,2,6,1,2,0,0,3,4,1
42,87,1,999,0,1.1,93.994,-36.4,4.864,5191.0,0,1389,0,2,6,0,2,0,1,6,0,1
38,27,10,999,0,1.4,93.444,-36.1,4.962,5228.1,0,1083,11,1,7,0,2,0,0,1,2,1
31,57,4,999,0,-3.4,92.649,-30.1,0.7140000000000001,5017.5,0,2425,9,1,6,0,0,0,1,7,1,1
37,286,2,999,0,1.4,93.444,-36.1,4.9639999999999995,5228.1,0,1788,9,2,5,0,2,0,0,1,2,1
35,150,1,999,0,1.1,93.994,-36.4,4.859,5191.0,0,1700,0,1,6,0,2,0,1,6,0,1
44,225,3,999,2,-1.8,93.075,-47.1,1.405,5099.1,0,2369,1,2,2,1,2,0,0,0,0,0
32,57,4,999,0,1.4,93.91799999999999,-42.7,4.962,5228.1,0,2961,2,0,6,0,2,2,0,3,0,1
41,152,3,999,0,1.1,93.994,-36.4,4.856,5191.0,0,858,1,1,0,0,2,0,1,6,4,1
44,253,1,999,1,-1.8,93.075,-47.1,1.41,5099.1,0,3390,1,1,3,1,2,0,0,0,2,0
24,139,1,999,0,1.4,93.91799999999999,-42.7,4.962,5228.1,0,2017,7,2,5,0,2,0,0,3,4,1
37,546,1,999,0,-1.8,92.89299999999999,-46.2,1.244,5099.1,0,2801,4,1,6,0,0,0,0,6,1,1
47,59,3,999,0,-0.1,93.2,-42.0,4.021,5195.8,0,3305,0,1,6,0,2,0,0,7,0,1
46,75,3,999,0,1.4,94.465,-41.8,4.961,5228.1,0,3542,7,1,5,0,0,0,1,4,3,1
47,114,1,999,0,1.4,93.91799999999999,-42.7,4.958,5228.1,0,1360,1,1,0,1,2,2,0,3,2,1
28,101,2,999,0,1.1,93.994,-36.4,4.857,5191.0,0,835,1,2,0,0,2,0,1,6,1,1
56,98,1,999,0,1.1,93.994,-36.4,4.857,5191.0,0,1221,10,0,6,1,2,0,1,6,0,1
38,90,3,999,0,1.4,93.91799999999999,-42.7,4.962,5228.1,0,348,1,1,3,1,0,0,0,3,1,1
46,275,1,999,1,-1.8,92.89299999999999,-46.2,1.3130000000000002,5099.1,0,2704,0,0,2,0,2,0,0,6,0,0
41,608,2,999,0,-1.8,93.075,-47.1,1.423,5099.1,0,4058,1,1,1,0,2,2,0,0,3,1
29,94,3,999,0,1.1,93.994,-36.4,4.857,5191.0,0,1157,7,1,2,0,2,0,1,6,4,1
38,190,2,999,0,1.4,94.465,-41.8,4.962,5228.1,0,801,0,2,6,0,2,0,1,4,4,1
36,232,4,999,0,1.1,93.994,-36.4,4.856,5191.0,0,965,9,1,6,0,2,2,1,6,3,1
48,336,8,999,0,1.4,93.444,-36.1,4.9639999999999995,5228.1,1,365,9,1,5,0,2,0,0,1,0,1
31,12,8,999,0,-0.1,93.2,-42.0,4.021,5195.8,0,728,10,2,0,0,0,0,0,7,0,1
46,246,3,999,0,1.4,93.444,-36.1,4.966,5228.1,0,3862,7,1,6,0,0,0,0,1,3,1
31,280,6,999,0,1.4,93.91799999999999,-42.7,4.961,5228.1,0,936,1,1,2,0,0,0,1,3,3,1
46,158,1,999,0,1.1,93.994,-36.4,4.857,5191.0,0,86,0,1,6,0,2,0,1,6,3,1
37,171,1,999,0,1.4,93.91799999999999,-42.7,4.963,5228.1,0,393,6,1,2,0,2,2,0,3,2,1
33,244,1,999,0,-0.1,93.2,-42.0,4.12,5195.8,0,3695,1,1,2,0,2,0,0,7,4,1
34,103,1,999,0,-1.8,92.89299999999999,-46.2,1.2990000000000002,5099.1,0,749,9,1,2,0,0,0,0,6,1,1
42,236,1,999,0,1.4,94.465,-41.8,4.958,5228.1,0,277,1,1,0,1,0,0,1,4,2,1
32,366,4,999,0,-0.1,93.2,-42.0,4.0760000000000005,5195.8,0,647,1,1,7,0,0,0,0,7,2,1
42,55,4,999,0,-1.8,93.075,-47.1,1.41,5099.1,0,3309,1,1,2,0,0,0,0,0,2,1
44,173,8,999,1,-1.8,92.89299999999999,-46.2,1.291,5099.1,0,358,0,0,3,0,2,0,0,6,3,0
53,217,2,3,1,-2.9,92.963,-40.8,1.26,5076.2,0,1465,11,1,5,0,0,0,0,4,2,2
40,85,2,999,0,1.1,93.994,-36.4,4.856,5191.0,0,687,1,1,1,1,0,0,1,6,3,1
46,195,1,999,0,-1.8,92.89299999999999,-46.2,1.264,5099.1,0,2327,0,2,6,0,0,2,0,6,1,1
49,121,1,999,0,1.4,93.91799999999999,-42.7,4.962,5228.1,0,816,1,2,0,1,0,0,0,3,4,1
37,1012,1,999,0,-0.1,93.2,-42.0,4.191,5195.8,0,4038,2,1,6,1,2,0,0,7,1,1
37,347,1,999,1,-0.1,93.2,-42.0,4.021,5195.8,0,2472,9,2,5,0,2,0,0,7,0,0
35,276,3,999,0,1.4,94.465,-41.8,4.96,5228.1,0,1108,1,0,2,0,1,1,1,4,1,1
56,87,2,999,0,1.4,94.465,-41.8,4.961,5228.1,0,3395,0,1,7,0,2,0,1,4,3,1
42,274,1,999,0,-1.8,93.075,-47.1,1.405,5099.1,0,2488,7,1,3,0,2,0,0,0,1,1
38,50,3,999,0,1.4,94.465,-41.8,4.959,5228.1,0,323,0,0,6,0,0,0,1,4,0,1
67,655,2,5,5,-1.1,94.76700000000001,-50.8,1.0390000000000001,4963.6,1,449,3,0,5,0,2,0,0,7,1,2
46,140,1,999,0,1.1,93.994,-36.4,4.857,5191.0,0,3402,6,1,2,1,2,2,1,6,1,1
36,372,1,999,0,1.4,93.91799999999999,-42.7,4.962,5228.1,0,960,9,0,2,0,0,0,1,3,4,1
51,62,1,999,0,-0.1,93.2,-42.0,4.1530000000000005,5195.8,0,931,1,1,2,1,2,0,0,7,3,1
34,109,1,999,0,1.4,93.444,-36.1,4.963,5228.1,0,30,0,1,6,0,0,0,0,1,3,1
54,300,5,999,1,-0.1,93.2,-42.0,4.12,5195.8,0,3949,1,1,1,1,0,0,0,7,4,0
39,149,1,999,0,1.4,94.465,-41.8,4.961,5228.1,0,1823,7,1,3,0,2,2,1,4,1,1
28,160,2,4,1,-3.4,92.431,-26.9,0.752,5017.5,0,2042,10,2,0,0,2,0,0,8,0,2
62,273,1,16,1,-1.7,94.215,-40.3,0.8270000000000001,4991.6,0,2793,9,1,7,0,2,0,0,3,1,2
31,208,1,999,0,-1.7,94.055,-39.8,0.723,4991.6,1,3798,9,1,5,0,2,0,1,4,3,1
40,143,9,999,0,1.4,93.91799999999999,-42.7,4.962,5228.1,0,3545,6,1,7,1,0,0,0,3,1,1
41,984,1,999,0,1.4,93.444,-36.1,4.963,5228.1,0,135,9,1,5,0,2,0,0,1,1,1
27,195,4,999,0,-1.8,92.89299999999999,-46.2,1.25,5099.1,0,2277,0,2,1,0,2,0,1,6,0,1
31,458,2,999,0,1.4,93.91799999999999,-42.7,4.963,5228.1,1,1982,1,1,5,0,2,0,0,3,4,1
29,104,5,999,0,-0.1,93.2,-42.0,4.0760000000000005,5195.8,0,1624,1,2,0,0,2,2,0,7,2,1
29,232,2,999,0,-0.1,93.2,-42.0,4.021,5195.8,0,2195,8,2,5,0,0,0,1,7,0,1
44,160,2,999,0,1.4,94.465,-41.8,4.961,5228.1,0,2791,9,1,1,1,2,0,1,4,1,1
24,298,6,999,0,1.4,94.465,-41.8,4.96,5228.1,0,2676,7,1,3,0,2,0,1,4,1,1
51,133,1,999,1,-2.9,92.20100000000001,-31.4,0.838,5076.2,0,3408,0,0,3,0,2,0,0,1,3,0
53,97,5,999,0,1.4,93.91799999999999,-42.7,4.963,5228.1,0,3079,2,0,6,0,2,0,0,3,4,1
58,185,1,2,1,-1.8,93.075,-47.1,1.365,5099.1,0,406,5,1,0,0,2,0,0,0,2,2
46,55,2,999,0,1.4,93.444,-36.1,4.965,5228.1,0,3622,0,1,6,1,0,0,0,1,3,1
42,127,1,999,0,1.4,93.444,-36.1,4.967,5228.1,0,2986,0,1,6,0,2,0,0,1,4,1
32,40,5,999,0,1.4,93.91799999999999,-42.7,4.963,5228.1,0,692,9,2,3,0,0,0,1,3,4,1
33,85,4,999,0,1.1,93.994,-36.4,4.859,5191.0,0,3633,9,0,5,0,0,0,1,6,4,1
32,805,2,999,0,1.4,94.465,-41.8,4.8660000000000005,5228.1,0,3805,9,1,5,0,0,0,1,4,2,1
52,183,1,999,0,1.4,93.91799999999999,-42.7,4.962,5228.1,0,730,7,1,3,0,0,0,0,3,4,1
80,213,3,6,4,-1.8,93.369,-34.8,0.649,5008.7,1,3211,5,1,0,0,0,0,0,5,0,2
36,140,1,999,0,1.4,93.91799999999999,-42.7,4.963,5228.1,0,1775,0,2,3,0,2,0,1,3,2,1
37,157,4,999,0,-1.8,92.89299999999999,-46.2,1.344,5099.1,0,2787,7,1,3,0,0,0,0,6,3,1
59,630,3,999,0,1.4,93.91799999999999,-42.7,4.962,5228.1,1,1231,0,0,3,1,0,2,0,3,1,1
45,166,12,999,0,1.1,93.994,-36.4,4.857,5191.0,0,1217,7,0,3,1,0,0,1,6,1,1
47,241,2,999,0,1.1,93.994,-36.4,4.855,5191.0,0,375,4,0,0,0,0,0,1,6,0,1
55,96,6,999,0,1.4,93.444,-36.1,4.9639999999999995,5228.1,0,3842,0,1,6,1,0,0,0,1,4,1
40,136,2,999,0,1.4,94.465,-41.8,4.961,5228.1,0,1784,0,2,6,0,0,0,1,4,2,1
56,400,2,999,0,1.1,93.994,-36.4,4.855,5191.0,0,3703,1,1,0,1,2,0,1,6,0,1
54,725,4,999,0,1.4,93.444,-36.1,4.963,5228.1,0,3692,4,1,3,0,0,0,0,1,1,1
44,135,2,999,0,-0.1,93.2,-42.0,4.021,5195.8,0,2276,0,1,6,0,0,0,0,7,0,1
41,204,3,999,0,1.4,94.465,-41.8,4.967,5228.1,0,2124,1,1,2,1,0,0,1,4,0,1
32,52,8,999,0,1.4,93.444,-36.1,4.966,5228.1,0,818,0,1,3,0,0,0,0,1,0,1
49,219,12,999,0,1.4,93.91799999999999,-42.7,4.968,5228.1,0,3320,9,1,5,1,2,0,1,3,2,1
50,54,15,999,0,1.4,93.444,-36.1,4.965,5228.1,0,1382,7,1,3,0,2,0,0,1,1,1
28,73,1,999,0,1.4,93.91799999999999,-42.7,4.963,5228.1,0,123,7,2,3,0,0,0,0,3,4,1
45,738,3,6,1,-1.1,94.601,-49.5,1.0290000000000001,4963.6,1,166,0,1,3,0,2,0,0,8,0,2
42,632,5,10,1,-1.8,92.89299999999999,-46.2,1.344,5099.1,0,346,1,1,2,0,0,0,0,6,3,2
34,541,3,999,1,-1.8,92.89299999999999,-46.2,1.327,5099.1,0,921,7,2,3,0,2,0,0,6,2,0
54,840,3,999,0,-1.8,93.075,-47.1,1.405,5099.1,1,1612,5,1,0,0,2,0,0,0,0,1
41,269,7,6,3,-1.7,94.215,-40.3,0.8959999999999999,4991.6,0,1838,0,1,6,0,2,0,0,3,0,2
50,161,2,999,0,1.4,93.91799999999999,-42.7,4.962,5228.1,0,3448,4,1,6,0,2,0,0,3,2,1
31,156,2,999,0,-1.8,92.89299999999999,-46.2,1.3130000000000002,5099.1,0,1720,4,0,6,0,2,0,0,6,0,1
44,121,1,999,0,1.4,93.91799999999999,-42.7,4.963,5228.1,0,3453,1,1,2,0,2,0,0,3,2,1
32,58,1,999,0,-0.1,93.2,-42.0,4.12,5195.8,0,1079,9,2,6,0,2,0,0,7,4,1
47,429,1,999,0,1.4,93.444,-36.1,4.963,5228.1,0,2483,0,2,6,0,0,0,0,1,2,1
39,151,2,999,0,1.4,93.91799999999999,-42.7,4.962,5228.1,0,3995,7,0,3,0,0,0,0,3,2,1
35,277,3,999,0,1.4,93.91799999999999,-42.7,4.958,5228.1,0,3580,11,2,3,1,2,0,0,3,2,1
54,65,6,999,0,1.4,93.444,-36.1,4.963,5228.1,0,1312,1,1,0,1,0,0,0,1,2,1
36,142,1,999,0,1.4,93.444,-36.1,4.965,5228.1,0,330,0,2,6,0,0,0,0,1,4,1
53,397,3,999,0,1.4,93.91799999999999,-42.7,4.96,5228.1,0,3653,6,0,6,0,0,0,0,3,1,1
27,24,1,999,0,-0.1,93.2,-42.0,3.853,5195.8,0,1530,0,2,3,0,2,0,1,7,0,1
50,59,1,999,0,-0.1,93.2,-42.0,4.1530000000000005,5195.8,0,3874,2,1,2,0,0,0,0,7,3,1
48,309,1,999,0,-0.1,93.2,-42.0,4.191,5195.8,0,1021,0,0,3,0,2,0,0,7,1,1
51,386,1,999,0,1.4,93.444,-36.1,4.9639999999999995,5228.1,0,2430,4,1,6,0,2,0,0,1,2,1
40,141,9,999,0,1.1,93.994,-36.4,4.864,5191.0,0,1817,7,1,3,0,2,2,1,6,0,1
47,108,2,999,0,1.4,93.91799999999999,-42.7,4.962,5228.1,0,1912,9,2,5,0,2,0,0,3,1,1
41,62,1,999,0,1.1,93.994,-36.4,4.857,5191.0,0,2081,1,1,2,1,0,0,1,6,1,1
18,385,1,3,1,-3.4,92.37899999999999,-29.8,0.809,5017.5,1,478,8,2,7,0,0,0,0,9,2,2
49,135,1,999,2,-1.8,92.89299999999999,-46.2,1.266,5099.1,0,3619,1,1,2,0,0,0,0,6,3,0
46,148,10,999,0,1.4,94.465,-41.8,4.864,5228.1,0,170,0,1,3,0,2,2,1,4,4,1
37,553,1,999,1,-1.8,92.89299999999999,-46.2,1.2990000000000002,5099.1,0,2235,0,2,6,0,0,2,0,6,1,0
53,264,2,999,0,1.4,93.91799999999999,-42.7,4.957,5228.1,0,2945,9,1,5,1,2,2,0,3,0,1
32,249,1,999,1,-0.1,93.2,-42.0,4.191,5195.8,0,3318,2,1,6,0,2,2,1,7,1,0
38,17,3,999,0,1.4,94.465,-41.8,4.959,5228.1,0,4,7,1,2,0,1,1,1,4,0,1
35,207,1,999,0,-1.8,92.89299999999999,-46.2,1.281,5099.1,0,2925,6,2,3,0,2,0,0,6,4,1
48,119,1,999,0,-1.8,92.89299999999999,-46.2,1.334,5099.1,0,2038,2,1,1,0,0,0,0,6,4,1
33,63,3,999,0,1.4,93.444,-36.1,4.965,5228.1,0,2959,0,1,6,0,2,0,0,1,1,1
30,70,2,999,0,1.4,93.91799999999999,-42.7,4.961,5228.1,0,360,7,1,2,0,0,0,0,3,3,1
28,140,1,999,0,1.1,93.994,-36.4,4.86,5191.0,0,1102,1,1,2,1,0,0,1,6,2,1
53,8,3,999,0,-1.8,92.89299999999999,-46.2,1.354,5099.1,0,1732,4,1,3,0,2,0,0,6,1,1
31,636,6,999,0,1.1,93.994,-36.4,4.859,5191.0,0,3253,7,1,3,0,0,0,1,6,4,1
36,45,3,999,0,1.4,94.465,-41.8,4.865,5228.1,0,1534,3,1,1,0,2,0,1,4,1,1
27,101,3,999,0,1.4,93.91799999999999,-42.7,4.962,5228.1,0,1062,0,1,3,0,2,2,0,3,1,1
33,60,1,999,0,-0.1,93.2,-42.0,4.021,5195.8,0,3554,1,2,0,0,0,0,0,7,0,1
68,201,1,999,1,-3.4,92.37899999999999,-29.8,0.7879999999999999,5017.5,0,3883,5,1,0,0,0,0,1,9,3,0
28,171,1,999,0,1.4,93.91799999999999,-42.7,4.962,5228.1,0,3734,7,1,3,0,0,0,0,3,3,1
29,536,1,999,0,1.4,93.444,-36.1,4.965,5228.1,0,1858,9,3,3,0,2,0,0,1,4,1
39,247,1,4,1,-2.9,92.20100000000001,-31.4,0.884,5076.2,0,1390,9,1,5,0,2,0,0,1,1,2
44,388,7,999,0,1.1,93.994,-36.4,4.864,5191.0,0,25,9,1,5,1,2,0,1,6,0,1
29,168,3,999,0,1.1,93.994,-36.4,4.859,5191.0,0,1305,1,1,1,0,0,2,1,6,4,1
44,31,1,999,1,-1.8,92.89299999999999,-46.2,1.281,5099.1,0,803,3,1,0,0,2,0,0,6,4,0
47,208,2,999,0,1.1,93.994,-36.4,4.857,5191.0,0,1026,0,0,6,0,2,0,1,6,1,1
36,379,1,999,0,1.4,93.444,-36.1,4.963,5228.1,0,434,0,2,6,0,2,0,0,1,2,1
40,257,1,999,0,1.4,94.465,-41.8,4.8660000000000005,5228.1,0,2566,10,0,3,0,0,2,1,4,2,1
26,111,8,999,0,1.4,93.91799999999999,-42.7,4.963,5228.1,0,3820,1,2,3,0,0,2,0,3,4,1
46,183,3,999,0,1.4,93.444,-36.1,4.965,5228.1,0,3632,7,1,3,0,2,0,0,1,3,1
51,345,2,999,0,-1.8,92.89299999999999,-46.2,1.334,5099.1,0,401,4,0,6,0,0,0,0,6,4,1
30,374,12,999,0,1.4,93.444,-36.1,4.963,5228.1,0,2204,0,2,6,0,2,0,0,1,1,1
53,92,2,999,1,-1.8,92.89299999999999,-46.2,1.281,5099.1,0,3078,4,1,6,0,2,0,0,6,4,0
38,693,3,999,0,1.4,94.465,-41.8,4.959,5228.1,1,2305,1,1,2,0,0,0,1,4,0,1
28,200,3,999,0,1.4,93.91799999999999,-42.7,4.962,5228.1,0,2855,7,1,3,0,0,2,0,3,0,1
25,581,3,999,2,-1.8,93.876,-40.0,0.6990000000000001,5008.7,0,746,9,2,3,0,2,0,0,6,0,0
27,318,3,999,0,1.1,93.994,-36.4,4.856,5191.0,0,3676,0,1,3,1,0,2,1,6,3,1
50,507,1,999,0,1.1,93.994,-36.4,4.857,5191.0,1,2649,7,1,0,1,2,0,1,6,4,1
48,64,1,999,0,1.4,93.91799999999999,-42.7,4.958,5228.1,0,1820,0,1,3,1,2,2,0,3,2,1
24,389,1,999,0,-1.8,92.89299999999999,-46.2,1.3130000000000002,5099.1,0,2836,1,2,0,0,2,0,0,6,0,1
41,148,2,999,0,-1.8,93.075,-47.1,1.405,5099.1,0,146,1,1,2,0,2,0,0,0,1,1
56,941,3,999,0,1.4,94.465,-41.8,4.864,5228.1,1,944,4,1,2,0,2,0,1,4,3,1
31,159,2,999,0,1.1,93.994,-36.4,4.857,5191.0,0,228,1,1,0,0,2,0,1,6,4,1
39,412,2,999,0,-1.8,92.89299999999999,-46.2,1.327,5099.1,0,46,4,2,6,1,0,0,0,6,2,1
39,327,2,999,0,-1.8,92.89299999999999,-46.2,1.2990000000000002,5099.1,0,1634,1,1,2,1,2,0,0,6,1,1
36,110,4,999,0,1.4,93.91799999999999,-42.7,4.961,5228.1,0,1675,6,0,5,1,2,2,0,3,3,1
52,408,1,999,0,-2.9,92.20100000000001,-31.4,0.883,5076.2,1,3604,4,1,3,0,0,0,0,1,3,1
27,423,3,999,0,-1.7,94.215,-40.3,0.79,4991.6,1,1542,7,2,3,0,0,0,0,3,0,1
31,608,3,6,2,-1.7,94.215,-40.3,0.885,4991.6,1,659,8,2,6,0,0,0,0,3,0,2
32,204,3,999,0,-1.8,92.89299999999999,-46.2,1.281,5099.1,0,1249,1,2,3,0,0,2,0,6,4,1
38,169,1,999,0,1.4,94.465,-41.8,4.865,5228.1,0,1069,0,1,3,0,2,0,1,4,1,1
35,200,4,999,1,-1.8,92.89299999999999,-46.2,1.291,5099.1,0,1022,0,2,3,0,2,2,0,6,3,0
47,252,2,999,0,1.4,94.465,-41.8,4.961,5228.1,0,3364,0,1,6,1,0,0,1,4,2,1
35,451,1,999,0,1.4,93.91799999999999,-42.7,4.963,5228.1,0,2822,0,1,3,1,0,0,0,3,0,1
28,119,4,999,1,-1.8,92.89299999999999,-46.2,1.25,5099.1,0,2549,0,2,6,0,2,0,0,6,0,0
48,294,1,999,1,-3.4,92.431,-26.9,0.74,5017.5,1,2514,4,1,6,0,2,0,0,8,4,0
30,230,1,999,0,1.4,93.444,-36.1,4.963,5228.1,0,1296,9,2,3,0,2,0,0,1,2,1
35,614,1,999,0,-1.8,92.89299999999999,-46.2,1.344,5099.1,0,1369,0,2,6,0,2,0,0,6,3,1
28,48,4,999,1,-1.8,93.075,-47.1,1.41,5099.1,0,275,9,2,3,0,2,2,0,0,2,0
41,130,4,999,0,1.1,93.994,-36.4,4.856,5191.0,0,333,2,1,6,0,0,0,1,6,4,1
43,545,1,999,0,-1.8,92.89299999999999,-46.2,1.344,5099.1,0,2661,1,1,2,1,2,0,0,6,3,1
32,186,2,999,0,-1.8,92.89299999999999,-46.2,1.27,5099.1,0,3144,9,1,6,0,2,0,1,6,4,1
50,311,1,999,0,1.4,93.444,-36.1,4.97,5228.1,0,2426,6,1,0,1,2,0,0,1,1,1
35,225,2,999,0,-1.8,93.075,-47.1,1.415,5099.1,0,1932,9,1,5,0,0,0,0,0,4,1
39,157,2,999,0,1.1,93.994,-36.4,4.857,5191.0,0,3552,2,1,2,0,0,0,1,6,3,1
34,1167,1,999,0,1.1,93.994,-36.4,4.856,5191.0,0,1622,0,1,6,0,0,0,1,6,3,1
26,194,3,999,0,1.1,93.994,-36.4,4.855,5191.0,0,1003,2,1,7,0,0,0,1,6,0,1
35,131,1,999,0,1.4,93.444,-36.1,4.965,5228.1,0,3821,0,2,6,0,0,0,0,1,3,1
36,60,16,999,0,1.1,93.994,-36.4,4.864,5191.0,0,3833,3,1,1,0,2,0,1,6,0,1
56,123,3,999,0,1.4,93.91799999999999,-42.7,4.962,5228.1,0,2608,1,0,2,0,2,2,0,3,1,1
32,144,1,999,0,1.4,93.91799999999999,-42.7,4.963,5228.1,0,2758,0,1,6,0,2,0,0,3,2,1
23,343,5,999,0,-1.8,93.075,-47.1,1.405,5099.1,0,1791,0,2,6,0,0,2,0,0,4,1
27,27,1,999,0,1.4,93.91799999999999,-42.7,4.961,5228.1,0,3011,10,2,6,0,0,0,1,3,3,1
42,100,1,999,0,1.1,93.994,-36.4,4.8580000000000005,5191.0,0,579,1,0,2,0,1,1,1,6,1,1
47,147,2,999,0,1.4,93.91799999999999,-42.7,4.962,5228.1,0,2176,9,0,5,0,2,0,0,3,1,1
56,82,1,999,0,1.4,94.465,-41.8,4.961,5228.1,0,302,2,1,6,0,2,2,1,4,2,1
34,351,1,999,0,-1.8,92.89299999999999,-46.2,1.2990000000000002,5099.1,0,3711,0,1,6,0,2,0,0,6,1,1
44,728,1,999,0,-1.8,92.89299999999999,-46.2,1.334,5099.1,0,713,0,2,3,0,2,0,0,6,4,1
34,159,3,999,0,1.4,93.444,-36.1,4.963,5228.1,0,4099,3,2,6,0,2,0,0,1,2,1
41,72,1,999,0,1.4,93.91799999999999,-42.7,4.963,5228.1,0,541,2,0,5,0,2,0,0,3,2,1
31,238,1,999,1,-1.8,92.89299999999999,-46.2,1.3130000000000002,5099.1,0,3426,4,1,6,0,0,0,0,6,0,0
43,128,3,999,0,-1.8,92.89299999999999,-46.2,1.244,5099.1,0,3974,1,1,0,0,2,0,0,6,1,1
28,406,3,999,0,1.4,94.465,-41.8,4.961,5228.1,0,1656,7,2,3,0,0,0,1,4,3,1
50,137,1,999,0,1.4,93.444,-36.1,4.966,5228.1,0,1427,1,1,1,1,0,0,0,1,3,1
41,219,1,999,0,-1.8,93.075,-47.1,1.405,5099.1,0,2073,9,1,5,0,0,0,0,0,0,1
37,481,2,999,4,-1.7,94.027,-38.3,0.899,4991.6,1,1661,9,2,6,0,2,0,0,1,3,0
31,55,12,999,0,1.4,94.465,-41.8,4.959,5228.1,0,837,1,1,1,0,2,0,1,4,0,1
39,273,2,999,0,1.1,93.994,-36.4,4.856,5191.0,0,1644,9,1,5,0,0,0,1,6,3,1
30,58,1,999,0,1.4,93.91799999999999,-42.7,4.963,5228.1,0,2175,1,1,2,0,2,0,0,3,2,1
52,346,3,999,0,1.1,93.994,-36.4,4.855,5191.0,0,4079,1,1,2,1,2,0,1,6,0,1
54,164,4,999,0,1.4,93.91799999999999,-42.7,4.961,5228.1,0,3389,3,1,0,1,0,0,0,3,3,1
30,19,12,999,0,1.4,93.444,-36.1,4.963,5228.1,0,3434,4,1,3,0,2,0,0,1,3,1
46,273,4,999,0,1.1,93.994,-36.4,4.856,5191.0,0,209,7,1,5,0,2,0,1,6,3,1
47,504,2,999,0,1.4,93.91799999999999,-42.7,4.958,5228.1,0,3983,1,0,2,0,2,0,0,3,2,1
35,199,1,999,0,1.4,93.91799999999999,-42.7,4.957,5228.1,0,933,0,2,6,0,2,0,0,3,0,1
38,74,2,999,0,1.4,93.444,-36.1,4.9639999999999995,5228.1,0,1082,9,2,3,0,0,0,0,1,4,1
37,292,3,999,0,-1.8,93.876,-40.0,0.682,5008.7,1,2796,4,1,3,0,0,0,0,6,0,1
58,145,2,999,0,-2.9,92.963,-40.8,1.262,5076.2,0,608,5,0,3,0,2,0,0,4,3,1
40,325,4,999,0,-1.8,92.89299999999999,-46.2,1.281,5099.1,0,2917,1,2,2,0,2,2,1,6,4,1
47,72,1,999,0,1.4,94.465,-41.8,4.967,5228.1,0,2035,9,1,2,0,0,0,1,4,0,1
47,232,2,999,0,-2.9,92.20100000000001,-31.4,0.843,5076.2,1,2279,3,1,6,0,2,0,0,1,1,1
37,44,2,999,0,-1.8,93.075,-47.1,1.41,5099.1,0,670,9,2,3,0,2,0,0,0,2,1
42,81,7,999,0,1.4,93.444,-36.1,4.963,5228.1,0,1560,0,1,6,0,0,2,0,1,0,1
32,316,1,999,0,1.4,93.91799999999999,-42.7,4.957,5228.1,0,3081,1,2,2,1,0,0,0,3,0,1
32,151,2,999,0,-0.1,93.2,-42.0,4.0760000000000005,5195.8,0,200,8,2,6,0,0,0,0,7,2,1
54,217,7,999,0,-1.8,92.89299999999999,-46.2,1.3130000000000002,5099.1,0,2056,9,1,6,1,0,0,0,6,0,1
37,223,6,999,0,1.4,93.91799999999999,-42.7,4.961,5228.1,0,398,0,2,3,0,0,2,0,3,3,1
41,106,6,999,0,1.1,93.994,-36.4,4.857,5191.0,0,2185,4,1,6,0,0,0,1,6,0,1
28,69,6,999,0,1.4,93.91799999999999,-42.7,4.968,5228.1,0,1916,7,1,3,0,2,0,0,3,2,1
38,362,1,999,0,1.4,94.465,-41.8,4.959,5228.1,0,3124,1,1,1,0,2,0,1,4,4,1
27,483,2,999,0,1.4,93.91799999999999,-42.7,4.962,5228.1,0,3163,0,2,5,0,2,0,0,3,3,1
36,406,1,999,0,1.4,93.444,-36.1,4.9639999999999995,5228.1,0,482,6,1,2,1,0,0,0,1,2,1
33,305,2,999,0,-1.8,92.89299999999999,-46.2,1.244,5099.1,0,760,0,2,6,0,0,0,0,6,1,1
31,122,2,999,0,1.4,93.444,-36.1,4.965,5228.1,0,1320,9,2,5,0,0,0,0,1,1,1
33,41,1,999,0,-0.1,93.2,-42.0,4.12,5195.8,0,2716,10,1,2,0,2,0,1,7,4,1
51,40,4,999,0,-1.8,92.89299999999999,-46.2,1.291,5099.1,0,3042,0,1,3,0,0,0,0,6,3,1
49,199,4,999,0,1.1,93.994,-36.4,4.856,5191.0,0,1927,1,1,2,0,0,0,1,6,3,1
29,33,2,999,0,-2.9,92.20100000000001,-31.4,0.8590000000000001,5076.2,0,1924,10,2,6,0,2,0,0,1,3,1
31,361,1,999,0,-1.8,92.89299999999999,-46.2,1.327,5099.1,0,613,1,2,3,0,2,0,0,6,2,1
29,365,3,999,0,-2.9,92.963,-40.8,1.268,5076.2,1,2876,9,1,3,0,2,0,0,4,0,1
39,219,4,999,0,1.1,93.994,-36.4,4.857,5191.0,0,385,0,2,7,0,0,2,1,6,0,1
32,370,1,999,0,-0.1,93.2,-42.0,4.0760000000000005,5195.8,0,2804,9,1,5,0,2,0,0,7,2,1
36,296,1,999,0,1.1,93.994,-36.4,4.856,5191.0,0,1241,1,1,2,1,0,0,1,6,3,1
30,131,2,999,0,1.4,94.465,-41.8,4.961,5228.1,0,3906,9,0,3,0,2,2,1,4,3,1
31,952,4,999,0,1.4,94.465,-41.8,4.961,5228.1,1,2172,0,1,3,0,0,0,1,4,2,1
31,150,1,999,0,1.4,93.444,-36.1,4.963,5228.1,0,2284,9,2,5,0,2,0,0,1,3,1
50,235,2,999,0,1.4,93.91799999999999,-42.7,4.958,5228.1,0,410,2,1,0,1,0,0,0,3,2,1
40,608,3,999,0,-0.1,93.2,-42.0,4.021,5195.8,0,3077,4,1,6,0,0,0,0,7,0,1
38,213,1,999,0,-0.1,93.2,-42.0,4.1530000000000005,5195.8,0,2817,1,1,2,0,0,0,0,7,3,1
32,250,1,999,0,-0.1,93.2,-42.0,4.1530000000000005,5195.8,0,142,9,0,5,0,2,0,0,7,3,1
29,230,4,999,0,-1.8,92.89299999999999,-46.2,1.281,5099.1,0,2753,0,2,3,0,0,0,0,6,4,1
40,124,1,999,0,1.4,93.444,-36.1,4.966,5228.1,0,489,0,1,6,0,2,0,0,1,3,1
37,394,3,999,0,1.4,94.465,-41.8,4.96,5228.1,0,1909,9,2,3,0,0,0,1,4,1,1
25,214,2,999,0,1.4,94.465,-41.8,4.865,5228.1,0,772,9,0,6,0,2,0,1,4,1,1
38,333,1,999,0,1.4,94.465,-41.8,4.958,5228.1,0,1647,1,1,2,0,0,0,1,4,4,1
39,260,1,999,0,-0.1,93.2,-42.0,4.0760000000000005,5195.8,0,2980,2,1,6,0,2,0,0,7,2,1
46,49,3,999,0,1.4,93.444,-36.1,4.966,5228.1,0,4041,0,1,3,1,0,0,0,1,0,1
44,10,5,999,0,-1.8,92.89299999999999,-46.2,1.344,5099.1,0,1787,7,1,3,0,2,0,0,6,3,1
52,251,1,999,0,-0.1,93.2,-42.0,4.1530000000000005,5195.8,0,1955,7,1,3,0,2,0,1,7,3,1
45,134,2,999,0,1.1,93.994,-36.4,4.857,5191.0,0,3136,0,1,6,0,0,0,1,6,0,1
36,154,1,999,0,-0.1,93.2,-42.0,4.12,5195.8,0,1957,0,2,6,0,0,0,0,7,4,1
40,91,1,999,0,-3.4,92.37899999999999,-29.8,0.773,5017.5,1,3508,10,1,5,0,0,2,1,9,0,1
29,406,3,999,0,-0.1,93.2,-42.0,4.12,5195.8,0,2117,0,1,6,0,0,0,0,7,4,1
32,434,2,999,0,1.4,93.91799999999999,-42.7,4.968,5228.1,0,3062,0,1,3,0,2,0,0,3,2,1
47,145,1,999,0,1.4,93.444,-36.1,4.968,5228.1,0,1826,0,1,3,0,2,0,0,1,3,1
35,393,1,999,0,1.4,93.91799999999999,-42.7,4.963,5228.1,0,2285,0,1,3,1,2,0,0,3,0,1
44,1628,2,6,1,-3.4,92.649,-30.1,0.7190000000000001,5017.5,1,1610,0,0,3,0,2,0,1,7,1,2
52,26,5,999,1,-0.1,93.2,-42.0,4.0760000000000005,5195.8,0,920,6,0,2,0,2,0,0,7,2,0
32,1091,2,5,1,-0.1,93.2,-42.0,4.191,5195.8,1,69,1,1,2,0,0,0,0,7,1,2
28,225,3,999,0,1.4,93.91799999999999,-42.7,4.96,5228.1,0,236,1,1,2,0,2,0,0,3,1,1
44,159,1,999,0,1.4,94.465,-41.8,4.864,5228.1,0,3132,1,2,0,0,2,0,1,4,3,1
26,362,2,999,1,-1.8,93.075,-47.1,1.405,5099.1,0,3396,9,2,5,0,2,0,0,0,0,0
60,181,3,6,1,-1.8,93.876,-40.0,0.6990000000000001,5008.7,1,3708,5,1,3,0,0,0,0,6,2,2
36,234,2,999,0,1.4,93.91799999999999,-42.7,4.962,5228.1,0,1650,1,2,2,0,0,0,0,3,1,1
32,406,2,999,0,1.4,94.465,-41.8,4.8660000000000005,5228.1,0,2075,3,2,3,0,0,0,1,4,2,1
50,281,2,999,0,1.1,93.994,-36.4,4.856,5191.0,0,3910,4,1,6,0,2,0,1,6,4,1
57,107,1,999,0,1.4,94.465,-41.8,4.961,5228.1,0,1808,5,2,0,0,2,0,1,4,2,1
37,585,2,999,0,1.4,93.444,-36.1,4.967,5228.1,0,260,6,1,6,0,2,2,0,1,4,1
32,160,3,999,0,1.4,93.444,-36.1,4.963,5228.1,0,3293,9,1,3,0,2,0,0,1,3,1
42,188,1,999,0,1.4,93.444,-36.1,4.968,5228.1,0,342,9,1,3,0,2,0,0,1,3,1
31,244,1,3,1,-1.1,94.199,-37.5,0.878,4963.6,1,1486,9,1,6,0,0,0,0,9,2,2
39,87,5,999,0,1.1,93.994,-36.4,4.8580000000000005,5191.0,0,2110,1,1,5,0,0,0,1,6,1,1
53,1221,1,999,0,-0.1,93.2,-42.0,4.021,5195.8,0,2743,6,1,6,0,2,0,0,7,0,1
57,187,1,999,1,-2.9,92.20100000000001,-31.4,0.8340000000000001,5076.2,0,1270,5,1,6,0,2,0,0,1,4,0
34,198,2,999,0,1.4,93.91799999999999,-42.7,4.957,5228.1,0,3886,0,1,6,0,0,0,0,3,4,1
43,110,17,999,0,1.4,94.465,-41.8,4.8660000000000005,5228.1,0,2085,7,1,2,0,0,0,1,4,2,1
47,69,1,999,0,1.1,93.994,-36.4,4.86,5191.0,0,1950,9,1,5,0,2,0,1,6,2,1
26,351,2,999,0,-3.4,92.37899999999999,-29.8,0.8029999999999999,5017.5,0,3162,4,2,6,0,0,0,0,9,0,1
32,221,4,16,1,-1.7,94.215,-40.3,0.8959999999999999,4991.6,0,3330,4,2,6,0,0,0,0,3,0,2
35,83,2,999,1,-1.8,92.89299999999999,-46.2,1.2990000000000002,5099.1,0,2840,1,2,2,1,2,0,0,6,1,0
35,66,4,999,0,1.1,93.994,-36.4,4.857,5191.0,0,1696,0,1,3,1,0,0,1,6,1,1
33,679,1,999,0,1.4,93.444,-36.1,4.97,5228.1,0,1293,9,0,5,0,2,2,0,1,1,1
32,161,2,999,0,-1.8,92.89299999999999,-46.2,1.2990000000000002,5099.1,0,3261,7,1,3,0,0,0,0,6,1,1
53,711,2,999,0,-0.1,93.2,-42.0,4.021,5195.8,0,4008,5,1,3,0,2,0,0,7,0,1
30,71,1,999,0,1.4,93.91799999999999,-42.7,4.956,5228.1,0,4093,1,2,3,0,0,0,1,3,4,1
42,63,4,999,0,-1.8,92.89299999999999,-46.2,1.344,5099.1,0,3682,1,1,2,0,2,2,0,6,3,1
47,211,2,999,0,1.4,94.465,-41.8,4.958,5228.1,0,14,1,1,0,0,2,0,1,4,2,1
36,55,1,999,1,-1.8,92.89299999999999,-46.2,1.281,5099.1,0,919,1,1,2,0,2,2,0,6,4,0
44,95,3,999,0,1.4,93.444,-36.1,4.963,5228.1,0,2640,9,2,5,0,2,0,0,1,0,1
44,93,8,999,0,1.4,93.444,-36.1,4.963,5228.1,0,4026,0,1,3,1,0,0,0,1,0,1
37,85,3,999,0,1.4,93.91799999999999,-42.7,4.959,5228.1,0,1880,10,1,6,0,0,2,1,3,0,1
31,627,3,999,0,-0.1,93.2,-42.0,4.0760000000000005,5195.8,0,3499,7,1,5,0,0,0,0,7,2,1
42,406,3,999,1,-1.8,93.075,-47.1,1.405,5099.1,0,248,0,1,2,0,0,0,1,0,1,0
43,818,2,999,0,1.4,94.465,-41.8,4.959,5228.1,0,2776,9,1,2,1,2,2,1,4,0,1
46,387,5,999,0,1.4,93.91799999999999,-42.7,4.961,5228.1,0,2666,9,0,5,0,2,0,0,3,3,1
31,17,5,999,1,-0.1,93.2,-42.0,4.12,5195.8,0,989,9,1,2,0,2,0,0,7,4,0
39,69,3,999,0,1.4,94.465,-41.8,4.96,5228.1,0,3348,0,1,6,0,0,0,1,4,1,1
32,428,4,999,0,1.4,93.444,-36.1,4.9639999999999995,5228.1,0,1341,0,1,6,0,2,0,0,1,4,1
34,218,4,999,0,-1.8,92.89299999999999,-46.2,1.266,5099.1,0,2255,10,1,2,0,2,0,0,6,2,1
32,181,1,999,0,1.1,93.994,-36.4,4.857,5191.0,0,1342,7,1,3,0,0,0,1,6,3,1
30,245,4,999,0,1.1,93.994,-36.4,4.857,5191.0,0,3315,1,2,6,0,0,0,1,6,0,1
31,64,6,999,0,1.4,93.444,-36.1,4.966,5228.1,0,2723,0,1,6,0,2,0,0,1,3,1
33,191,3,999,0,1.4,93.444,-36.1,4.965,5228.1,0,2663,4,1,6,0,0,0,0,1,1,1
41,105,2,999,0,1.1,93.994,-36.4,4.8580000000000005,5191.0,0,1758,1,1,2,1,0,0,1,6,1,1
33,113,1,999,1,-0.1,93.2,-42.0,4.12,5195.8,0,2080,4,1,6,0,0,2,0,7,4,0
41,197,3,999,0,-1.8,93.075,-47.1,1.405,5099.1,0,2596,1,1,0,1,0,0,0,0,1,1
29,132,1,999,0,-1.8,93.369,-34.8,0.652,5008.7,1,2930,0,2,7,0,2,0,0,5,1,1
40,26,1,999,0,1.1,93.994,-36.4,4.856,5191.0,0,1479,9,1,5,0,0,0,1,6,3,1
25,107,19,999,0,1.4,94.465,-41.8,4.959,5228.1,0,2004,1,2,0,0,0,0,1,4,4,1
39,58,1,999,0,-0.1,93.2,-42.0,4.191,5195.8,0,2166,0,1,3,0,2,0,0,7,1,1
49,142,2,999,0,1.1,93.994,-36.4,4.864,5191.0,0,1208,2,1,6,0,2,0,1,6,0,1
46,109,1,999,0,-2.9,92.20100000000001,-31.4,0.861,5076.2,0,1716,2,1,3,0,2,0,0,1,1,1
49,1149,2,999,0,1.4,94.465,-41.8,4.8660000000000005,5228.1,1,640,1,1,2,1,0,0,1,4,2,1
41,180,2,999,0,-1.8,92.89299999999999,-46.2,1.244,5099.1,0,3617,4,1,3,0,2,0,0,6,1,1
32,66,7,999,0,1.4,93.444,-36.1,4.965,5228.1,0,1407,0,1,6,0,2,0,1,1,3,1
58,154,1,999,1,-3.0,92.713,-33.0,0.72,5023.5,1,1109,11,1,2,0,2,0,0,2,2,0
32,315,2,999,0,1.1,93.994,-36.4,4.857,5191.0,0,3306,0,0,6,0,0,0,1,6,4,1
37,178,2,999,0,1.4,93.444,-36.1,4.966,5228.1,0,2891,9,2,6,0,2,0,0,1,3,1
36,125,2,999,1,-1.8,92.89299999999999,-46.2,1.334,5099.1,0,1450,0,2,1,0,2,0,1,6,4,0
35,70,1,999,0,1.4,93.444,-36.1,4.966,5228.1,0,1887,0,1,6,1,0,0,0,1,0,1
37,129,4,999,0,-1.8,92.89299999999999,-46.2,1.3130000000000002,5099.1,0,2920,10,1,2,0,2,2,0,6,0,1
26,149,2,999,0,1.4,93.91799999999999,-42.7,4.96,5228.1,0,2348,3,1,0,0,2,0,0,3,1,1
38,121,4,999,0,-1.8,93.075,-47.1,1.405,5099.1,0,894,0,1,3,1,0,0,1,0,1,1
31,132,22,999,0,1.1,93.994,-36.4,4.86,5191.0,0,3570,0,2,3,0,0,0,1,6,2,1
24,200,3,999,1,-1.8,93.075,-47.1,1.405,5099.1,0,3943,9,2,5,0,2,0,0,0,1,0
52,390,2,999,0,1.1,93.994,-36.4,4.864,5191.0,0,3266,2,1,2,0,2,2,1,6,0,1
43,79,1,999,1,-1.8,92.89299999999999,-46.2,1.281,5099.1,0,916,6,2,3,1,0,0,0,6,4,0
31,77,4,999,0,-0.1,93.2,-42.0,4.12,5195.8,0,4078,9,2,3,0,2,0,0,7,4,1
48,126,3,999,0,-1.8,93.075,-47.1,1.365,5099.1,0,3080,2,1,6,0,2,0,0,0,2,1
30,104,1,999,1,-3.4,92.649,-30.1,0.7140000000000001,5017.5,0,2626,0,1,3,0,1,1,0,7,1,0
33,259,2,999,0,1.4,93.444,-36.1,4.968,5228.1,0,3336,0,1,6,1,2,2,0,1,2,1
28,393,2,999,0,1.1,93.994,-36.4,4.855,5191.0,0,2728,0,2,6,0,2,0,1,6,2,1
28,151,7,999,0,1.4,94.465,-41.8,4.864,5228.1,0,531,1,1,1,1,0,0,1,4,3,1
44,171,1,999,0,1.4,94.465,-41.8,4.958,5228.1,0,3139,9,1,5,0,0,0,1,4,2,1
29,207,3,999,0,1.1,93.994,-36.4,4.857,5191.0,0,1343,4,2,6,0,2,2,1,6,1,1
58,184,1,999,0,1.1,93.994,-36.4,4.86,5191.0,0,3519,1,1,0,0,2,0,1,6,2,1
30,175,1,999,1,-0.1,93.2,-42.0,4.12,5195.8,0,668,1,1,2,0,2,0,0,7,4,0
59,77,6,999,0,1.4,93.444,-36.1,4.965,5228.1,0,2738,3,1,0,1,0,0,0,1,3,1
41,206,1,999,0,1.4,93.444,-36.1,4.965,5228.1,0,561,0,1,6,0,2,0,0,1,4,1
56,51,2,999,0,-0.1,93.2,-42.0,4.0760000000000005,5195.8,0,1952,9,1,5,0,0,0,0,7,2,1
70,122,1,14,3,-1.1,94.601,-49.5,0.965,4963.6,0,4072,5,1,0,1,0,0,0,8,2,0
22,154,2,999,0,1.4,93.91799999999999,-42.7,4.957,5228.1,0,221,8,2,3,0,0,2,0,3,0,1
45,550,2,999,0,1.1,93.994,-36.4,4.856,5191.0,0,693,10,1,6,0,0,0,1,6,3,1
30,589,1,999,0,-0.1,93.2,-42.0,4.12,5195.8,0,1262,0,0,6,0,2,0,0,7,4,1
38,461,2,999,0,1.1,93.994,-36.4,4.859,5191.0,0,1960,4,1,6,0,0,0,1,6,0,1
41,620,1,999,0,-1.8,93.075,-47.1,1.405,5099.1,0,4101,0,0,3,0,0,0,0,0,0,1
58,164,2,999,0,1.4,93.444,-36.1,4.965,5228.1,0,2393,4,1,6,0,0,0,0,1,1,1
28,136,1,999,0,1.4,93.91799999999999,-42.7,4.962,5228.1,0,970,9,0,6,0,2,0,0,3,4,1
47,441,2,999,0,1.1,93.994,-36.4,4.856,5191.0,0,564,5,1,0,1,1,1,1,6,4,1
46,504,1,999,1,-0.1,93.2,-42.0,4.191,5195.8,0,2770,0,1,3,0,0,0,0,7,1,0
46,164,1,999,0,-2.9,92.20100000000001,-31.4,0.873,5076.2,0,3303,0,1,6,0,2,0,0,1,2,1
50,65,17,999,0,1.4,94.465,-41.8,4.961,5228.1,0,1034,4,1,3,1,0,0,1,4,1,1
47,146,7,999,0,1.4,93.444,-36.1,4.965,5228.1,0,3895,6,1,6,0,2,0,0,1,3,1
34,126,2,999,0,1.4,93.444,-36.1,4.965,5228.1,0,3100,9,1,5,0,0,0,0,1,1,1
35,61,2,999,0,1.4,93.444,-36.1,4.963,5228.1,0,1225,9,1,3,0,1,1,0,1,0,1
57,190,2,999,0,-1.8,92.89299999999999,-46.2,1.2990000000000002,5099.1,0,2179,9,1,5,0,2,0,0,6,1,1
23,523,2,999,0,1.4,93.91799999999999,-42.7,4.962,5228.1,0,1505,1,2,2,0,2,0,0,3,2,1
37,115,4,999,0,1.1,93.994,-36.4,4.857,5191.0,0,922,0,1,3,0,2,0,1,6,1,1
37,95,1,999,0,-0.1,93.2,-42.0,4.1530000000000005,5195.8,0,87,10,2,6,0,2,2,0,7,3,1
55,201,14,999,0,1.1,93.994,-36.4,4.8580000000000005,5191.0,0,3091,0,1,6,0,0,0,1,6,1,1
54,178,4,999,0,1.4,93.91799999999999,-42.7,4.962,5228.1,0,3373,6,0,3,1,0,0,1,3,1,1
56,97,1,3,2,-2.9,92.20100000000001,-31.4,0.883,5076.2,0,2140,5,1,3,0,2,2,0,1,3,2
60,18,4,999,0,-1.8,93.075,-47.1,1.405,5099.1,0,1095,1,1,0,1,2,0,0,0,1,1
35,673,8,999,0,1.4,93.91799999999999,-42.7,4.962,5228.1,0,2309,0,2,6,0,2,0,0,3,1,1
43,644,1,999,0,1.1,93.994,-36.4,4.86,5191.0,0,2269,9,0,5,0,0,0,1,6,2,1
31,43,1,999,0,-1.8,92.89299999999999,-46.2,1.281,5099.1,0,901,10,1,2,0,2,0,1,6,4,1
43,461,2,999,0,1.4,94.465,-41.8,4.967,5228.1,0,1219,9,2,2,0,2,0,1,4,0,1
37,322,1,999,1,-1.8,92.89299999999999,-46.2,1.291,5099.1,0,3276,9,2,6,0,2,0,0,6,3,0
57,473,1,3,5,-1.1,94.199,-37.5,0.877,4963.6,1,2019,0,0,3,0,0,0,0,9,3,2
30,92,4,999,1,-1.8,92.89299999999999,-46.2,1.25,5099.1,0,2752,1,2,1,0,0,0,0,6,0,0
50,237,1,999,0,1.4,93.91799999999999,-42.7,4.961,5228.1,0,1619,11,1,7,1,2,0,1,3,3,1
34,78,3,999,0,1.4,93.444,-36.1,4.9639999999999995,5228.1,0,2560,0,2,6,0,0,2,0,1,0,1
42,370,5,999,0,-1.8,92.89299999999999,-46.2,1.354,5099.1,0,814,0,1,6,0,2,0,0,6,1,1
48,530,1,999,0,-0.1,93.2,-42.0,4.12,5195.8,0,3941,0,2,5,0,2,0,0,7,4,1
36,238,1,999,0,1.1,93.994,-36.4,4.86,5191.0,0,3429,9,2,5,0,2,0,1,6,2,1
30,14,13,999,0,1.4,93.444,-36.1,4.965,5228.1,0,736,9,2,6,0,2,0,0,1,1,1
44,10,1,999,0,-1.1,94.199,-37.5,0.884,4963.6,0,1349,1,1,1,0,2,0,1,9,2,1
63,131,4,999,2,-3.4,92.649,-30.1,0.715,5017.5,1,3337,4,1,0,1,2,0,0,7,3,0
29,142,1,999,1,-0.1,93.2,-42.0,4.191,5195.8,0,1998,0,1,6,0,0,0,0,7,1,0
43,269,3,999,0,1.1,93.994,-36.4,4.857,5191.0,0,2417,1,1,0,0,2,0,1,6,3,1
50,113,2,999,0,1.4,93.444,-36.1,4.963,5228.1,0,1539,7,1,2,1,2,0,0,1,1,1
26,400,2,999,0,-1.8,92.89299999999999,-46.2,1.266,5099.1,0,3955,0,2,6,0,2,0,0,6,2,1
37,204,3,999,0,1.4,93.91799999999999,-42.7,4.962,5228.1,0,2003,0,1,3,1,2,0,0,3,1,1
51,809,1,999,1,-1.8,92.89299999999999,-46.2,1.281,5099.1,1,494,1,1,3,0,2,0,0,6,4,0
28,368,1,999,0,-3.4,92.37899999999999,-29.8,0.8190000000000001,5017.5,0,1853,4,2,6,0,2,0,0,9,3,1
35,139,1,999,0,1.4,93.91799999999999,-42.7,4.961,5228.1,0,1827,0,1,5,0,0,0,0,3,3,1
38,525,1,999,0,-1.8,92.89299999999999,-46.2,1.3130000000000002,5099.1,0,2570,4,1,6,0,0,0,0,6,0,1
27,284,1,999,0,1.4,93.91799999999999,-42.7,4.958,5228.1,0,2741,1,2,2,0,0,0,0,3,2,1
44,659,1,999,1,-1.8,92.89299999999999,-46.2,1.344,5099.1,0,491,1,1,0,1,0,0,0,6,3,0
50,705,7,999,0,1.4,94.465,-41.8,4.959,5228.1,1,3531,9,1,5,1,2,2,1,4,0,1
34,228,3,999,0,-0.1,93.2,-42.0,4.12,5195.8,0,1199,4,1,3,0,2,0,0,7,4,1
31,285,2,999,0,-1.8,93.075,-47.1,1.483,5099.1,0,580,1,2,2,0,0,0,1,0,2,1
55,424,2,7,1,-3.4,92.431,-26.9,0.722,5017.5,1,2932,5,1,3,0,2,0,0,8,2,2
49,86,4,999,0,1.4,93.91799999999999,-42.7,4.96,5228.1,0,2193,4,1,6,0,0,0,0,3,1,1
52,215,3,999,0,-0.1,93.2,-42.0,4.191,5195.8,0,1316,5,1,6,0,2,2,1,7,1,1
38,181,1,999,0,1.1,93.994,-36.4,4.856,5191.0,0,412,1,1,7,1,0,2,1,6,4,1
58,159,4,999,0,1.4,94.465,-41.8,4.864,5228.1,0,3788,5,1,0,0,2,0,1,4,3,1
41,178,4,999,0,1.4,94.465,-41.8,4.961,5228.1,0,3440,6,1,2,0,2,0,1,4,1,1
52,136,2,999,0,1.1,93.994,-36.4,4.859,5191.0,0,548,1,1,0,0,0,0,1,6,0,1
45,391,1,999,0,1.4,93.91799999999999,-42.7,4.968,5228.1,0,458,4,1,6,0,2,0,0,3,2,1
27,409,1,1,1,-1.8,92.89299999999999,-46.2,1.2990000000000002,5099.1,0,1023,0,2,6,0,0,0,0,6,1,2
39,175,1,999,0,-1.8,92.89299999999999,-46.2,1.25,5099.1,0,3989,0,1,6,0,2,0,0,6,0,1
38,177,3,999,0,1.1,93.994,-36.4,4.857,5191.0,0,899,1,1,1,0,0,0,1,6,1,1
49,103,1,999,0,1.4,93.444,-36.1,4.9639999999999995,5228.1,0,3524,0,2,3,0,0,0,0,1,2,1
41,343,1,999,0,1.1,93.994,-36.4,4.8580000000000005,5191.0,0,1890,1,0,1,0,2,2,1,6,4,1
25,79,1,999,2,-1.1,94.601,-49.5,0.977,4963.6,0,2717,7,2,3,0,0,0,0,8,1,0
49,214,1,999,0,1.1,93.994,-36.4,4.856,5191.0,0,2693,6,1,5,0,2,0,1,6,3,1
29,137,2,999,0,1.4,93.444,-36.1,4.9639999999999995,5228.1,0,2210,0,1,6,0,2,0,0,1,0,1
48,780,2,999,0,1.4,93.91799999999999,-42.7,4.962,5228.1,0,2593,5,1,0,1,0,2,0,3,1,1
35,206,1,999,1,-1.8,92.89299999999999,-46.2,1.344,5099.1,0,3072,9,1,5,0,2,0,0,6,3,0
28,651,5,999,0,1.4,94.465,-41.8,4.958,5228.1,1,1242,4,2,6,0,0,0,1,4,2,1
31,202,7,999,0,1.4,93.444,-36.1,4.963,5228.1,0,376,9,2,5,0,1,1,0,1,1,1
51,241,4,999,0,1.4,93.444,-36.1,4.966,5228.1,0,2966,7,1,3,0,2,0,0,1,0,1
51,104,2,999,0,1.4,93.91799999999999,-42.7,4.96,5228.1,0,1942,4,1,0,0,0,0,0,3,1,1
31,597,17,999,0,1.1,93.994,-36.4,4.859,5191.0,0,3540,1,0,1,0,2,0,1,6,0,1
31,112,3,999,0,1.4,93.444,-36.1,4.968,5228.1,0,2697,0,1,6,0,0,0,0,1,2,1
45,168,1,999,0,1.4,93.91799999999999,-42.7,4.957,5228.1,0,3611,1,0,0,1,2,0,1,3,0,1
53,37,13,999,0,1.1,93.994,-36.4,4.856,5191.0,0,2996,0,1,6,0,0,2,1,6,3,1
47,239,2,999,0,1.4,93.91799999999999,-42.7,4.957,5228.1,0,1693,9,1,7,1,2,0,0,3,4,1
44,73,2,999,0,1.4,94.465,-41.8,4.96,5228.1,0,2587,4,0,2,1,2,0,1,4,1,1
40,151,4,999,0,1.1,93.994,-36.4,4.856,5191.0,0,3857,9,2,3,0,0,0,1,6,3,1
30,5,1,999,0,-1.1,94.601,-49.5,0.953,4963.6,0,1897,6,2,2,0,0,2,1,8,1,1
56,174,2,999,0,1.1,93.994,-36.4,4.857,5191.0,0,2811,9,1,7,0,2,0,1,6,3,1
49,289,1,999,1,-1.8,93.075,-47.1,1.41,5099.1,0,2601,4,1,6,0,0,0,0,0,2,0
29,281,3,999,0,1.4,94.465,-41.8,4.958,5228.1,0,898,0,1,6,0,2,2,1,4,4,1
38,362,4,999,0,1.1,93.994,-36.4,4.857,5191.0,0,1384,11,1,7,1,0,0,1,6,1,1
34,549,1,999,0,1.4,94.465,-41.8,4.961,5228.1,0,3902,1,1,1,0,2,2,1,4,2,1
45,272,2,999,0,1.4,94.465,-41.8,4.8660000000000005,5228.1,0,1421,1,1,1,1,0,0,1,4,2,1
65,263,1,999,0,-1.1,94.199,-37.5,0.879,4963.6,0,2606,9,1,5,0,0,0,0,9,2,1
60,133,1,999,0,-2.9,92.20100000000001,-31.4,0.861,5076.2,0,2619,0,1,6,0,0,0,0,1,1,1
32,75,1,999,0,1.4,93.444,-36.1,4.963,5228.1,0,2918,9,0,5,0,0,2,0,1,3,1
59,112,4,999,1,-3.0,92.713,-33.0,0.7,5023.5,0,1394,4,1,6,0,0,0,0,2,2,0
39,202,1,999,1,-1.7,94.215,-40.3,0.81,4991.6,0,3344,9,1,5,0,2,0,0,3,2,0
49,81,1,999,0,-3.4,92.431,-26.9,0.754,5017.5,0,67,9,0,7,0,2,2,0,8,2,1
50,55,2,999,0,-0.1,93.2,-42.0,4.191,5195.8,0,3467,9,1,2,0,2,0,1,7,1,1
50,849,1,999,0,1.4,93.91799999999999,-42.7,4.961,5228.1,1,20,1,1,0,0,0,2,0,3,3,1
33,405,3,999,0,1.1,93.994,-36.4,4.857,5191.0,0,3722,4,1,6,0,0,0,1,6,1,1
33,189,2,999,0,-2.9,92.963,-40.8,1.262,5076.2,0,3843,9,1,5,0,0,0,0,4,3,1
49,16,1,999,0,-1.8,92.89299999999999,-46.2,1.354,5099.1,0,2828,0,1,6,0,2,2,1,6,1,1
54,346,1,999,0,-3.0,92.713,-33.0,0.721,5023.5,1,3950,10,1,3,0,2,0,0,2,4,1
29,155,2,999,0,-0.1,93.2,-42.0,4.1530000000000005,5195.8,0,3284,9,2,3,0,0,0,0,7,3,1
26,389,1,999,0,1.1,93.994,-36.4,4.859,5191.0,0,499,1,1,1,0,0,0,1,6,4,1
46,471,3,999,0,-1.8,92.89299999999999,-46.2,1.2990000000000002,5099.1,0,842,1,1,0,0,0,0,0,6,1,1
38,121,5,999,0,1.4,93.91799999999999,-42.7,4.961,5228.1,0,1870,6,1,3,0,2,0,1,3,3,1
32,131,1,999,0,1.4,93.444,-36.1,4.968,5228.1,0,2142,9,1,6,0,0,2,0,1,2,1
31,590,3,999,0,1.4,94.465,-41.8,4.8660000000000005,5228.1,1,2950,1,2,0,0,0,0,1,4,2,1
33,690,1,999,0,-2.9,92.963,-40.8,1.262,5076.2,1,537,0,1,6,0,2,0,0,4,3,1
36,458,1,4,4,-1.7,94.055,-39.8,0.72,4991.6,1,1847,6,2,6,0,0,2,0,4,1,2
58,290,1,999,0,1.4,93.444,-36.1,4.963,5228.1,0,4100,0,0,3,0,0,0,0,1,3,1
35,304,1,999,1,-1.8,92.89299999999999,-46.2,1.327,5099.1,0,3780,4,1,6,0,0,0,0,6,2,0
55,63,2,999,0,-0.1,93.2,-42.0,4.1530000000000005,5195.8,0,219,1,1,2,1,0,0,0,7,3,1
43,78,7,999,0,1.4,93.444,-36.1,4.9639999999999995,5228.1,0,2850,9,1,5,0,2,0,0,1,4,1
39,919,2,999,0,1.1,93.994,-36.4,4.856,5191.0,0,1275,7,1,3,0,0,0,1,6,3,1
37,58,3,999,0,-1.8,92.89299999999999,-46.2,1.2990000000000002,5099.1,0,1325,7,1,3,1,2,0,1,6,1,1
24,299,3,999,0,1.4,93.91799999999999,-42.7,4.968,5228.1,0,559,9,2,6,0,0,0,0,3,2,1
30,178,1,999,0,-1.8,92.89299999999999,-46.2,1.2990000000000002,5099.1,0,4000,7,2,3,0,2,2,0,6,1,1
34,192,1,999,0,-2.9,92.963,-40.8,1.26,5076.2,0,181,4,1,6,0,2,2,1,4,4,1
40,144,2,999,0,1.4,93.444,-36.1,4.963,5228.1,0,3095,6,1,6,0,0,0,0,1,0,1
59,204,4,999,0,1.4,94.465,-41.8,4.96,5228.1,0,1145,0,1,3,0,0,0,1,4,1,1
30,53,6,999,0,1.4,93.91799999999999,-42.7,4.959,5228.1,0,758,0,1,3,0,2,0,0,3,0,1
24,62,3,999,0,1.4,93.91799999999999,-42.7,4.961,5228.1,0,2821,1,2,7,0,0,0,0,3,3,1
28,278,2,999,0,1.4,93.91799999999999,-42.7,4.957,5228.1,1,2760,7,0,3,1,0,2,0,3,0,1
43,249,3,999,1,-0.1,93.2,-42.0,4.1530000000000005,5195.8,0,2825,1,1,0,1,2,2,1,7,3,0
27,98,1,999,1,-1.8,93.075,-47.1,1.445,5099.1,0,1470,0,2,6,0,2,2,0,0,4,0
54,253,3,999,0,1.1,93.994,-36.4,4.86,5191.0,0,1131,1,2,0,0,0,0,1,6,2,1
86,340,1,999,0,-1.1,94.199,-37.5,0.877,4963.6,1,1797,5,1,7,1,2,0,0,9,3,1
48,141,2,999,1,-0.1,93.2,-42.0,4.1530000000000005,5195.8,0,3733,6,1,6,0,2,0,0,7,3,0
47,159,2,999,0,1.4,93.91799999999999,-42.7,4.961,5228.1,0,4106,3,1,0,1,2,0,1,3,3,1
34,210,2,999,0,1.1,93.994,-36.4,4.8580000000000005,5191.0,0,3392,1,1,5,0,2,0,1,6,1,1
44,109,4,999,0,1.1,93.994,-36.4,4.864,5191.0,0,3717,7,1,2,0,2,0,1,6,0,1
55,164,1,999,1,-1.8,93.075,-47.1,1.483,5099.1,0,1615,1,0,0,1,2,0,0,0,2,0
47,56,5,999,0,1.4,93.444,-36.1,4.9639999999999995,5228.1,0,2578,9,0,3,0,2,0,0,1,4,1
53,313,4,999,0,1.4,93.444,-36.1,4.965,5228.1,0,244,4,1,6,0,0,0,0,1,1,1
56,308,2,999,0,-2.9,92.469,-33.6,1.0590000000000002,5076.2,1,2552,5,1,3,0,2,2,0,3,0,1
41,94,2,999,0,1.4,94.465,-41.8,4.967,5228.1,0,616,11,2,7,1,2,0,1,4,0,1
42,378,1,999,0,1.4,93.91799999999999,-42.7,4.96,5228.1,0,3826,1,1,0,0,0,0,0,3,1,1
37,136,5,999,0,-1.8,92.89299999999999,-46.2,1.334,5099.1,0,2251,1,1,2,0,1,1,0,6,4,1
53,313,2,999,0,-0.1,93.2,-42.0,4.1530000000000005,5195.8,0,2248,4,1,6,0,2,0,0,7,3,1
46,148,2,999,0,-0.1,93.2,-42.0,4.1530000000000005,5195.8,0,653,2,1,6,0,2,0,0,7,3,1
41,116,2,999,0,1.4,93.444,-36.1,4.966,5228.1,0,3558,9,0,6,0,2,2,0,1,0,1
32,250,2,6,1,-1.7,94.215,-40.3,0.846,4991.6,0,3443,0,2,6,0,2,0,0,3,2,2
44,222,3,999,0,1.4,93.91799999999999,-42.7,4.961,5228.1,0,3380,9,0,7,0,0,0,1,3,3,1
28,175,3,999,0,-1.8,92.89299999999999,-46.2,1.266,5099.1,0,3719,9,1,6,0,2,2,0,6,2,1
38,278,1,999,0,1.4,94.465,-41.8,4.967,5228.1,0,1172,1,0,7,0,0,0,1,4,0,1
24,197,1,999,0,-3.4,92.431,-26.9,0.7240000000000001,5017.5,0,2407,9,2,6,0,0,0,0,8,4,1
30,130,1,999,0,1.1,93.994,-36.4,4.864,5191.0,0,3853,1,2,0,1,0,0,1,6,0,1
56,167,3,999,0,1.1,93.994,-36.4,4.857,5191.0,0,607,5,1,3,0,2,0,1,6,1,1
42,56,1,999,0,-1.8,92.89299999999999,-46.2,1.327,5099.1,0,2215,1,1,1,0,2,0,0,6,2,1
42,149,1,999,0,1.1,93.994,-36.4,4.864,5191.0,0,3147,7,1,5,0,2,0,1,6,0,1
45,398,1,999,0,1.4,93.444,-36.1,4.968,5228.1,0,3138,1,1,5,0,0,0,0,1,2,1
36,146,2,999,0,-2.9,92.963,-40.8,1.268,5076.2,1,583,9,2,5,0,0,0,0,4,0,1
53,501,3,999,0,-2.9,92.963,-40.8,1.262,5076.2,1,2218,7,1,7,0,2,0,0,4,3,1
33,313,3,999,0,1.4,93.444,-36.1,4.963,5228.1,0,1677,0,2,6,1,1,1,0,1,3,1
32,340,1,999,0,-1.8,92.89299999999999,-46.2,1.3130000000000002,5099.1,0,45,3,1,0,0,2,2,0,6,0,1
56,360,1,999,0,1.4,93.444,-36.1,4.968,5228.1,0,707,1,1,0,1,0,2,0,1,2,1
48,231,1,999,0,1.1,93.994,-36.4,4.857,5191.0,0,1835,1,1,5,0,2,2,1,6,3,1
35,712,1,999,0,-1.8,93.075,-47.1,1.405,5099.1,0,392,9,2,6,1,0,0,0,0,1,1
50,206,1,999,0,-1.8,93.075,-47.1,1.405,5099.1,0,3314,4,1,6,0,2,2,0,0,0,1
40,279,4,999,0,1.4,93.444,-36.1,4.965,5228.1,0,2504,9,0,5,0,0,0,0,1,3,1
45,80,2,999,0,1.4,93.91799999999999,-42.7,4.962,5228.1,0,126,9,0,2,1,0,0,0,3,4,1
50,215,3,999,0,1.4,93.91799999999999,-42.7,4.961,5228.1,0,990,1,1,2,1,2,0,0,3,3,1
44,556,3,999,0,-1.8,92.89299999999999,-46.2,1.327,5099.1,0,2308,1,1,2,0,0,0,0,6,2,1
34,127,1,999,0,1.4,93.91799999999999,-42.7,4.962,5228.1,0,2239,0,2,3,0,0,0,0,3,4,1
47,94,2,999,0,1.4,93.444,-36.1,4.9639999999999995,5228.1,0,1587,0,0,6,0,2,0,0,1,0,1
39,88,3,999,0,-1.8,93.075,-47.1,1.453,5099.1,0,2149,9,1,1,0,0,0,0,0,3,1
51,16,17,999,0,1.4,94.465,-41.8,4.962,5228.1,0,1309,4,1,6,0,0,0,1,4,4,1
37,223,1,999,0,1.4,93.444,-36.1,4.968,5228.1,0,2173,0,2,5,0,0,0,0,1,3,1
30,63,1,999,0,1.4,93.91799999999999,-42.7,4.962,5228.1,0,1223,9,2,6,0,2,2,0,3,4,1
44,130,1,999,0,-2.9,92.963,-40.8,1.262,5076.2,0,3724,0,0,6,0,2,2,0,4,3,1
54,439,3,999,0,1.4,93.444,-36.1,4.966,5228.1,0,378,1,1,2,1,2,0,0,1,3,1
31,84,1,999,1,-1.8,92.89299999999999,-46.2,1.334,5099.1,0,39,9,2,7,0,2,0,0,6,4,0
32,310,1,999,0,-1.7,94.055,-39.8,0.7040000000000001,4991.6,1,1848,10,2,5,0,2,2,0,4,4,1
31,191,2,999,0,1.4,93.444,-36.1,4.963,5228.1,0,2378,0,2,6,0,2,0,0,1,3,1
33,183,3,999,0,1.4,93.444,-36.1,4.9639999999999995,5228.1,0,3526,0,2,6,1,2,0,0,1,4,1
32,80,4,999,0,-1.8,92.89299999999999,-46.2,1.266,5099.1,0,781,1,1,0,0,0,2,0,6,2,1
38,245,3,999,0,1.1,93.994,-36.4,4.86,5191.0,0,3394,9,2,6,0,2,2,1,6,2,1
31,242,2,999,0,1.4,93.91799999999999,-42.7,4.962,5228.1,0,1121,6,1,6,0,2,0,0,3,3,1
54,101,1,999,0,-3.4,92.649,-30.1,0.7190000000000001,5017.5,0,3292,1,1,2,0,2,2,0,7,4,1
59,70,1,999,0,1.1,93.994,-36.4,4.856,5191.0,0,2151,3,1,0,1,0,2,1,6,3,1
67,140,2,999,0,-3.4,92.431,-26.9,0.722,5017.5,0,1020,5,1,7,0,0,0,0,8,2,1
33,266,2,999,0,1.4,93.444,-36.1,4.963,5228.1,0,2824,9,2,5,0,0,0,0,1,1,1
31,9,17,999,0,1.4,93.91799999999999,-42.7,4.968,5228.1,0,2000,7,2,3,0,0,2,0,3,2,1
31,196,1,999,0,-0.1,93.2,-42.0,4.12,5195.8,0,2108,4,1,6,0,2,0,0,7,4,1
42,408,1,999,0,1.4,93.444,-36.1,4.97,5228.1,0,4105,9,0,5,0,2,0,0,1,1,1
30,70,1,999,0,1.4,93.91799999999999,-42.7,4.957,5228.1,0,2316,0,1,6,0,0,0,0,3,0,1
54,1868,2,10,1,-1.1,94.76700000000001,-50.8,1.035,4963.6,1,263,0,1,5,0,0,0,0,7,3,2
34,76,2,999,0,1.4,94.465,-41.8,4.961,5228.1,0,2931,2,2,5,0,0,0,1,4,3,1
39,861,6,999,1,-1.8,93.075,-47.1,1.405,5099.1,0,598,9,2,6,0,2,2,0,0,1,0
24,1150,3,999,0,1.4,93.91799999999999,-42.7,4.958,5228.1,1,2516,7,2,3,0,0,0,0,3,2,1
35,88,5,999,0,1.4,93.91799999999999,-42.7,4.96,5228.1,0,4102,2,2,6,0,2,0,0,3,1,1
45,100,1,999,0,1.1,93.994,-36.4,4.855,5191.0,0,184,4,1,0,1,2,0,1,6,0,1
48,137,1,999,0,1.4,93.444,-36.1,4.968,5228.1,0,2121,7,1,0,1,2,0,0,1,2,1
38,76,17,999,0,1.4,93.91799999999999,-42.7,4.963,5228.1,0,1649,4,2,6,0,0,0,0,3,4,1
38,319,4,999,0,1.4,93.91799999999999,-42.7,4.962,5228.1,0,1965,1,1,2,1,1,1,0,3,3,1
52,183,1,999,0,-0.1,93.2,-42.0,4.1530000000000005,5195.8,0,3497,0,0,6,0,2,2,0,7,3,1
60,448,3,999,0,1.4,93.444,-36.1,4.968,5228.1,0,1728,5,1,5,0,2,0,0,1,2,1
25,131,2,999,1,-1.8,93.749,-34.6,0.643,5008.7,0,2355,6,2,7,0,0,0,0,0,1,0
44,351,1,999,0,1.4,94.465,-41.8,4.958,5228.1,0,2451,0,1,6,0,2,0,1,4,2,1
48,201,1,999,0,1.1,93.994,-36.4,4.856,5191.0,0,1039,2,1,2,1,2,0,1,6,3,1
40,142,3,999,0,1.4,94.465,-41.8,4.865,5228.1,0,811,0,2,3,1,2,0,1,4,1,1
32,485,1,999,1,-0.1,93.2,-42.0,4.0760000000000005,5195.8,0,2998,9,2,6,0,0,0,0,7,2,0
33,630,4,999,0,1.4,93.91799999999999,-42.7,4.968,5228.1,1,3898,7,1,5,0,2,2,0,3,2,1
49,118,1,999,0,-1.8,92.89299999999999,-46.2,1.344,5099.1,0,3071,1,1,5,0,0,0,0,6,3,1
49,187,1,999,0,1.1,93.994,-36.4,4.859,5191.0,0,618,1,1,0,1,0,0,1,6,0,1
28,63,2,3,1,-2.9,92.20100000000001,-31.4,0.851,5076.2,1,144,9,2,5,0,2,0,0,1,2,2
43,77,1,999,0,1.1,93.994,-36.4,4.857,5191.0,0,4104,7,1,3,0,0,0,1,6,1,1
53,76,5,999,0,1.4,93.91799999999999,-42.7,4.963,5228.1,0,3063,4,2,5,1,0,0,0,3,4,1
28,186,1,999,0,1.4,93.91799999999999,-42.7,4.963,5228.1,0,1738,1,2,0,1,0,0,0,3,4,1
32,80,3,999,0,1.4,93.444,-36.1,4.963,5228.1,0,3116,0,2,6,0,0,0,0,1,3,1
32,146,3,999,1,-1.8,92.89299999999999,-46.2,1.291,5099.1,0,2484,7,1,5,0,2,0,0,6,3,0
56,252,1,999,2,-2.9,92.963,-40.8,1.26,5076.2,0,51,5,1,6,0,2,0,0,4,4,0
47,225,4,999,1,-1.8,93.075,-47.1,1.423,5099.1,0,1114,1,1,5,0,2,0,0,0,3,0
30,742,4,999,0,-1.8,92.89299999999999,-46.2,1.354,5099.1,1,3296,0,1,6,0,2,2,0,6,1,1
59,138,2,999,0,1.1,93.994,-36.4,4.859,5191.0,0,2908,2,0,3,1,2,0,1,6,0,1
32,96,1,999,0,1.4,93.91799999999999,-42.7,4.958,5228.1,0,361,0,2,6,0,2,0,0,3,2,1
30,274,4,999,0,1.1,93.994,-36.4,4.856,5191.0,0,1583,7,1,7,0,2,0,1,6,4,1
39,43,9,999,0,1.1,93.994,-36.4,4.86,5191.0,0,3331,2,2,6,0,2,0,1,6,2,1
31,277,1,999,0,-2.9,92.963,-40.8,1.266,5076.2,0,4025,7,1,2,0,2,0,1,4,1,1
73,209,2,999,1,-1.8,93.369,-34.8,0.6459999999999999,5008.7,0,3971,5,1,0,0,2,0,0,5,1,0
33,87,1,999,0,-3.4,92.431,-26.9,0.731,5017.5,0,2517,0,2,3,0,0,0,0,8,1,1
40,61,1,999,0,1.1,93.994,-36.4,4.857,5191.0,0,2152,0,1,6,1,0,2,1,6,1,1
52,68,1,999,0,1.1,93.994,-36.4,4.8580000000000005,5191.0,0,3887,9,1,3,1,0,0,1,6,4,1
31,60,6,999,0,1.4,93.444,-36.1,4.963,5228.1,0,3193,9,2,6,0,0,2,0,1,3,1
47,1334,1,999,0,1.1,93.994,-36.4,4.856,5191.0,1,1745,1,1,7,1,0,0,1,6,3,1
61,131,3,999,0,-1.8,92.89299999999999,-46.2,1.266,5099.1,0,1832,11,2,0,0,2,2,0,6,3,1
49,144,5,999,0,1.4,93.91799999999999,-42.7,4.963,5228.1,0,3000,4,0,6,0,0,0,0,3,2,1
76,347,4,6,1,-3.4,92.649,-30.1,0.715,5017.5,1,229,5,2,0,0,0,0,0,7,1,2
33,166,3,999,0,1.1,93.994,-36.4,4.855,5191.0,0,622,4,1,6,0,0,0,1,6,2,1
49,383,1,999,0,-1.8,93.075,-47.1,1.479,5099.1,0,3952,7,1,1,0,0,2,0,0,0,1
54,39,2,999,0,1.4,94.465,-41.8,4.864,5228.1,0,1731,2,1,6,0,2,0,1,4,4,1
46,184,2,999,1,-0.1,93.2,-42.0,4.12,5195.8,0,1332,0,0,6,0,2,2,0,7,4,0
43,299,3,999,0,1.1,93.994,-36.4,4.857,5191.0,0,2771,1,2,7,1,0,0,1,6,4,1
27,584,1,999,0,-1.8,92.89299999999999,-46.2,1.266,5099.1,0,630,0,1,5,0,0,0,0,6,2,1
25,217,1,999,0,1.1,93.994,-36.4,4.857,5191.0,0,3831,1,1,3,0,0,0,1,6,1,1
39,206,1,999,0,1.1,93.994,-36.4,4.86,5191.0,0,1226,7,2,3,1,0,0,1,6,2,1
41,854,1,999,0,-0.1,93.2,-42.0,4.1530000000000005,5195.8,1,116,2,1,6,0,2,0,0,7,3,1
30,114,2,999,0,1.1,93.994,-36.4,4.857,5191.0,0,604,8,2,7,1,2,0,1,6,1,1
32,53,1,999,1,-1.8,92.89299999999999,-46.2,1.281,5099.1,0,915,7,2,3,0,2,0,0,6,4,0
34,87,1,999,0,-1.8,92.89299999999999,-46.2,1.266,5099.1,0,3614,2,2,6,0,2,0,0,6,2,1
37,394,2,999,0,1.4,94.465,-41.8,4.959,5228.1,0,2819,10,2,5,0,0,0,1,4,0,1
44,955,2,999,0,-1.8,92.89299999999999,-46.2,1.344,5099.1,1,487,2,1,0,0,2,0,0,6,3,1
48,318,2,999,0,1.1,93.994,-36.4,4.856,5191.0,0,1058,6,1,2,1,2,0,1,6,3,1
38,204,2,999,0,-0.1,93.2,-42.0,4.191,5195.8,0,3916,0,1,1,0,0,2,1,7,1,1
51,516,1,999,0,-1.8,92.89299999999999,-46.2,1.344,5099.1,0,3521,0,1,0,1,0,0,0,6,3,1
42,456,2,999,0,1.1,93.994,-36.4,4.857,5191.0,0,366,1,1,0,0,0,0,1,6,4,1
58,260,1,999,0,1.4,93.91799999999999,-42.7,4.96,5228.1,0,2416,4,1,6,0,2,0,0,3,1,1
51,65,1,999,0,1.4,93.91799999999999,-42.7,4.962,5228.1,0,1525,9,1,6,1,2,0,0,3,4,1
35,176,4,999,0,1.4,94.465,-41.8,4.959,5228.1,0,1373,4,0,3,0,2,0,1,4,0,1
33,511,1,999,0,1.1,93.994,-36.4,4.857,5191.0,0,3232,0,1,2,0,0,0,1,6,1,1
37,78,1,999,0,1.4,93.444,-36.1,4.9639999999999995,5228.1,0,2051,6,1,2,0,2,0,0,1,0,1
46,78,1,999,0,-1.8,92.89299999999999,-46.2,1.244,5099.1,0,2778,9,0,5,0,0,0,0,6,1,1
38,882,1,6,1,-1.8,93.749,-34.6,0.659,5008.7,1,3239,0,2,3,0,2,0,0,0,2,2
57,1348,4,999,0,-1.8,93.075,-47.1,1.405,5099.1,1,686,5,1,0,0,2,2,1,0,3,1
36,101,1,999,0,1.4,93.444,-36.1,4.963,5228.1,0,1839,6,1,3,1,2,0,0,1,1,1
28,125,3,999,0,1.1,93.994,-36.4,4.856,5191.0,0,3567,6,2,2,0,0,0,1,6,3,1
36,217,1,999,0,-0.1,93.2,-42.0,4.12,5195.8,0,1101,1,1,0,0,0,2,0,7,4,1
56,272,1,999,0,1.1,93.994,-36.4,4.856,5191.0,0,2381,9,1,0,1,1,1,1,6,3,1
36,196,1,999,0,-1.8,93.876,-40.0,0.6970000000000001,5008.7,1,3638,0,1,6,0,2,0,0,6,3,1
37,230,1,999,0,-1.8,92.89299999999999,-46.2,1.244,5099.1,0,2636,0,0,6,1,2,0,0,6,1,1
31,113,1,999,0,1.4,93.444,-36.1,4.9639999999999995,5228.1,0,58,0,1,6,0,2,0,0,1,2,1
36,629,7,999,0,1.4,93.444,-36.1,4.963,5228.1,0,1642,9,2,3,0,2,2,0,1,3,1
53,85,2,999,0,1.1,93.994,-36.4,4.855,5191.0,0,4111,3,0,1,1,1,1,1,6,0,1
38,215,3,999,0,1.4,93.91799999999999,-42.7,4.957,5228.1,0,2420,2,1,2,0,2,0,0,3,0,1
42,148,9,999,0,1.1,93.994,-36.4,4.859,5191.0,0,688,1,1,2,1,0,0,1,6,0,1
38,145,3,999,0,-0.1,93.2,-42.0,4.12,5195.8,0,2274,1,1,2,1,0,0,0,7,4,1
32,77,2,999,0,1.4,93.91799999999999,-42.7,4.962,5228.1,0,3712,0,1,2,0,0,0,0,3,1,1
33,233,1,999,0,1.1,93.994,-36.4,4.856,5191.0,0,325,1,1,3,0,2,0,1,6,4,1
36,98,2,999,0,-2.9,92.963,-40.8,1.281,5076.2,0,3495,4,1,7,0,0,0,0,4,1,1
36,70,1,999,0,-0.1,93.2,-42.0,4.12,5195.8,0,942,1,1,1,0,2,0,0,7,4,1
33,384,1,999,0,1.4,93.91799999999999,-42.7,4.957,5228.1,0,3859,0,1,6,0,0,0,0,3,0,1
40,170,1,999,0,1.4,94.465,-41.8,4.959,5228.1,0,2449,4,1,7,0,2,0,1,4,0,1
30,268,5,10,2,-1.8,92.84299999999999,-50.0,1.64,5099.1,1,3107,8,2,3,0,0,0,0,5,0,0
24,316,3,999,1,-1.7,94.215,-40.3,0.835,4991.6,0,1763,8,2,3,0,2,2,0,3,3,0
38,258,3,999,0,1.1,93.994,-36.4,4.856,5191.0,0,1607,1,0,7,0,0,0,1,6,4,1
30,629,2,999,0,1.1,93.994,-36.4,4.856,5191.0,0,1868,7,1,3,1,0,0,1,6,4,1
35,31,1,999,0,-1.8,92.89299999999999,-46.2,1.344,5099.1,0,41,7,1,3,1,2,0,0,6,3,1
48,130,1,999,0,1.4,94.465,-41.8,4.961,5228.1,0,1910,1,1,1,0,2,0,1,4,3,1
31,439,2,999,0,1.1,93.994,-36.4,4.857,5191.0,0,1701,1,1,1,0,0,0,1,6,4,1
56,442,2,999,0,1.4,93.91799999999999,-42.7,4.961,5228.1,0,1175,4,1,6,0,0,0,0,3,3,1
44,903,4,999,0,-1.8,92.89299999999999,-46.2,1.244,5099.1,1,1600,7,0,3,0,0,0,0,6,1,1
22,848,1,999,0,1.4,93.91799999999999,-42.7,4.96,5228.1,1,2360,1,2,2,0,2,2,0,3,1,1
52,84,3,999,0,1.4,93.444,-36.1,4.965,5228.1,0,817,7,1,5,1,2,2,0,1,1,1
46,247,1,999,0,1.1,93.994,-36.4,4.857,5191.0,0,1707,1,1,5,0,0,0,1,6,4,1
32,645,4,999,0,1.4,93.444,-36.1,4.966,5228.1,1,2733,9,2,6,0,2,0,0,1,3,1
38,130,1,999,0,1.4,93.444,-36.1,4.966,5228.1,0,3867,9,0,5,0,2,0,0,1,0,1
38,430,1,999,0,1.4,94.465,-41.8,4.967,5228.1,0,42,1,1,2,1,1,1,1,4,0,1
54,153,1,999,0,1.4,93.444,-36.1,4.963,5228.1,0,156,1,1,0,0,2,0,0,1,3,1
38,21,9,999,0,1.1,93.994,-36.4,4.855,5191.0,0,2358,1,1,1,0,0,0,1,6,2,1
39,101,1,999,0,-1.8,92.89299999999999,-46.2,1.281,5099.1,0,335,1,0,1,1,0,0,0,6,4,1
29,67,1,999,0,1.4,93.444,-36.1,4.968,5228.1,0,1935,0,2,6,0,2,0,0,1,3,1
40,337,2,999,0,1.1,93.994,-36.4,4.857,5191.0,0,3016,1,1,7,0,0,0,1,6,3,1
38,389,2,999,0,1.4,93.91799999999999,-42.7,4.966,5228.1,0,108,1,1,1,0,2,0,1,3,2,1
42,146,4,999,0,-2.9,92.20100000000001,-31.4,0.8340000000000001,5076.2,0,3927,5,0,4,0,0,0,0,1,4,1
51,147,1,999,0,1.4,93.91799999999999,-42.7,4.963,5228.1,0,2522,0,1,6,0,2,0,0,3,2,1
31,232,1,999,0,-0.1,93.2,-42.0,4.0760000000000005,5195.8,0,3672,9,1,3,0,2,2,0,7,2,1
57,674,2,999,1,-1.8,92.89299999999999,-46.2,1.344,5099.1,0,3097,1,1,0,0,0,0,0,6,3,0
53,122,4,999,0,1.4,93.91799999999999,-42.7,4.961,5228.1,0,2064,1,1,2,0,2,0,0,3,3,1
27,54,1,999,0,-1.8,93.075,-47.1,1.392,5099.1,0,1295,4,1,6,0,0,0,0,0,1,1
32,93,2,999,0,1.4,93.444,-36.1,4.965,5228.1,0,2589,9,2,6,0,2,2,0,1,4,1
29,247,2,999,0,-2.9,92.963,-40.8,1.26,5076.2,0,2259,0,2,6,0,0,0,1,4,2,1
43,345,1,999,0,1.4,93.91799999999999,-42.7,4.958,5228.1,0,2888,7,1,3,0,0,0,0,3,2,1
40,319,1,999,0,-0.1,93.2,-42.0,4.12,5195.8,0,3736,9,1,2,0,0,0,1,7,4,1
35,419,2,999,0,-2.9,92.20100000000001,-31.4,0.884,5076.2,0,1540,7,2,6,0,1,1,0,1,1,1
54,184,1,999,0,-1.8,92.89299999999999,-46.2,1.334,5099.1,0,1588,1,1,3,0,2,2,0,6,4,1
32,640,1,999,0,-0.1,93.2,-42.0,4.0760000000000005,5195.8,0,161,10,1,3,0,2,0,0,7,2,1
42,226,2,999,0,-0.1,93.2,-42.0,4.191,5195.8,0,3051,0,1,6,0,0,0,0,7,1,1
37,74,1,999,1,-0.1,93.2,-42.0,4.191,5195.8,0,2592,4,0,7,0,0,2,0,7,1,0
48,454,4,999,0,1.4,94.465,-41.8,4.958,5228.1,0,2310,1,1,2,1,0,0,1,4,2,1
37,26,14,999,0,1.1,93.994,-36.4,4.856,5191.0,0,2637,1,1,3,1,0,0,1,6,3,1
34,343,2,999,0,1.4,93.444,-36.1,4.965,5228.1,0,3049,2,1,6,1,2,0,0,1,1,1
55,142,3,999,0,1.4,93.444,-36.1,4.963,5228.1,0,1282,1,1,2,0,2,2,0,1,2,1
27,55,1,999,0,1.4,93.91799999999999,-42.7,4.963,5228.1,0,3093,1,2,3,0,2,0,0,3,4,1
31,406,2,999,0,1.4,94.465,-41.8,4.864,5228.1,0,113,1,1,1,0,2,0,1,4,4,1
31,95,1,999,0,-0.1,93.2,-42.0,4.0760000000000005,5195.8,0,2857,0,1,6,0,2,0,0,7,2,1
55,148,4,999,0,-1.8,92.89299999999999,-46.2,1.281,5099.1,0,1557,1,0,0,1,0,0,1,6,4,1
46,81,3,999,0,1.1,93.994,-36.4,4.864,5191.0,0,3789,9,1,2,1,0,0,1,6,0,1
27,198,3,999,0,-1.8,93.075,-47.1,1.41,5099.1,0,549,0,2,3,0,0,0,1,0,2,1
32,55,1,999,0,1.4,93.444,-36.1,4.9639999999999995,5228.1,0,2266,7,1,3,0,0,0,0,1,4,1
31,103,2,999,0,1.4,93.91799999999999,-42.7,4.963,5228.1,0,611,1,1,1,0,0,0,0,3,0,1
34,296,2,999,0,1.1,93.994,-36.4,4.856,5191.0,0,3536,9,0,5,0,2,0,1,6,4,1
35,221,1,999,0,-0.1,93.2,-42.0,4.0760000000000005,5195.8,0,883,6,3,6,0,0,0,0,7,2,1
34,338,4,999,0,-1.8,92.89299999999999,-46.2,1.334,5099.1,0,3461,1,1,0,0,2,2,0,6,4,1
58,175,1,999,0,1.4,93.91799999999999,-42.7,4.963,5228.1,0,433,2,1,6,0,0,0,1,3,4,1
30,114,2,999,0,1.1,93.994,-36.4,4.864,5191.0,0,2935,7,1,3,0,2,2,1,6,0,1
45,65,1,999,0,1.4,94.465,-41.8,4.961,5228.1,0,2835,9,1,6,0,0,0,1,4,2,1
42,273,6,999,0,1.4,93.444,-36.1,4.9639999999999995,5228.1,0,3937,0,1,6,0,0,0,0,1,4,1
54,14,1,999,0,-1.8,93.075,-47.1,1.405,5099.1,0,1631,1,2,2,0,2,0,0,0,0,1
44,244,2,999,0,-1.8,92.89299999999999,-46.2,1.327,5099.1,0,3323,1,1,1,0,0,2,0,6,2,1
35,418,3,999,0,1.1,93.994,-36.4,4.857,5191.0,0,1521,1,1,1,1,0,0,1,6,0,1
33,214,2,999,1,-0.1,93.2,-42.0,4.0760000000000005,5195.8,0,1440,0,0,6,0,2,0,0,7,2,0
33,71,11,999,0,1.1,93.994,-36.4,4.859,5191.0,0,3419,4,2,6,0,0,2,1,6,0,1
41,442,11,999,0,1.4,94.465,-41.8,4.865,5228.1,0,193,9,1,5,1,2,0,1,4,1,1
48,747,2,999,0,-3.4,92.649,-30.1,0.715,5017.5,1,1676,4,1,6,0,2,2,0,7,3,1
43,119,2,999,0,1.4,94.465,-41.8,4.8660000000000005,5228.1,0,3156,9,1,5,0,0,0,1,4,2,1
37,345,10,999,0,1.4,93.91799999999999,-42.7,4.957,5228.1,0,3500,1,1,1,1,2,0,0,3,4,1
52,201,9,999,0,1.4,93.91799999999999,-42.7,4.962,5228.1,0,2685,0,0,6,1,2,2,0,3,3,1
56,252,4,999,0,1.4,94.465,-41.8,4.865,5228.1,0,3836,4,0,6,0,0,0,1,4,1,1
51,212,1,999,0,-2.9,92.20100000000001,-31.4,0.8290000000000001,5076.2,1,1783,0,1,6,0,2,0,0,1,2,1
38,270,4,999,1,-1.8,92.89299999999999,-46.2,1.334,5099.1,0,2814,6,1,2,0,0,0,0,6,4,0
32,253,1,4,2,-2.9,92.20100000000001,-31.4,0.884,5076.2,1,3864,7,2,3,0,2,2,0,1,4,2
47,310,3,999,0,1.4,93.444,-36.1,4.963,5228.1,0,1595,0,2,6,0,0,0,0,1,2,1
45,270,3,999,0,-1.8,92.89299999999999,-46.2,1.327,5099.1,0,2466,0,0,2,1,0,0,0,6,2,1
41,516,4,999,0,1.4,93.91799999999999,-42.7,4.957,5228.1,0,3378,1,1,7,1,0,0,0,3,4,1
43,173,1,999,0,1.4,94.465,-41.8,4.962,5228.1,0,1724,1,1,0,1,2,0,1,4,4,1
43,1332,1,999,0,1.4,93.444,-36.1,4.968,5228.1,1,3254,0,1,6,1,2,0,0,1,3,1
32,160,2,999,0,-1.8,92.89299999999999,-46.2,1.344,5099.1,0,3915,4,0,6,0,2,2,0,6,3,1
36,16,1,999,0,1.4,93.91799999999999,-42.7,4.962,5228.1,0,90,1,1,1,0,2,0,1,3,4,1
34,25,4,999,0,-1.8,92.89299999999999,-46.2,1.291,5099.1,0,3661,0,0,6,0,2,0,0,6,3,1
46,93,3,999,0,1.4,93.91799999999999,-42.7,4.962,5228.1,0,540,7,1,3,0,0,0,0,3,1,1
37,90,4,999,0,1.4,94.465,-41.8,4.961,5228.1,0,1528,1,1,3,0,2,0,1,4,1,1
23,250,4,999,1,-1.7,94.215,-40.3,0.846,4991.6,1,2764,1,2,2,0,0,0,0,3,2,0
29,139,2,999,0,1.4,93.444,-36.1,4.963,5228.1,0,1300,4,2,6,0,2,0,0,1,3,1
30,214,1,999,0,-0.1,93.2,-42.0,4.0760000000000005,5195.8,0,3731,9,2,5,0,0,0,0,7,2,1
39,168,1,999,0,1.4,93.444,-36.1,4.965,5228.1,0,1281,4,1,6,0,0,0,0,1,1,1
34,276,2,999,0,1.4,94.465,-41.8,4.864,5228.1,0,3207,1,1,0,1,0,2,1,4,3,1
35,131,2,999,0,-0.1,93.2,-42.0,4.191,5195.8,0,3307,2,1,3,0,2,0,0,7,1,1
38,543,9,999,0,1.4,93.91799999999999,-42.7,4.961,5228.1,0,3623,4,0,6,0,2,0,0,3,3,1
58,374,1,999,0,1.4,93.91799999999999,-42.7,4.963,5228.1,0,2186,5,1,0,1,2,0,0,3,4,1
32,77,2,999,0,1.4,93.91799999999999,-42.7,4.958,5228.1,0,1729,0,2,2,0,2,0,0,3,2,1
48,69,6,999,0,1.4,93.91799999999999,-42.7,4.963,5228.1,0,1162,7,1,1,0,0,0,0,3,4,1
32,256,1,999,0,1.4,93.444,-36.1,4.963,5228.1,0,2208,0,2,6,1,2,0,0,1,0,1
30,219,1,999,0,1.4,93.91799999999999,-42.7,4.962,5228.1,0,2620,1,1,2,0,2,0,0,3,4,1
38,97,1,999,0,1.4,93.444,-36.1,4.965,5228.1,0,4002,9,2,3,0,2,2,0,1,3,1
26,83,2,999,0,1.4,94.465,-41.8,4.864,5228.1,0,2321,1,2,1,0,0,0,1,4,4,1
53,398,2,999,0,-1.8,93.749,-34.6,0.644,5008.7,1,2509,2,1,0,0,2,2,0,0,3,1
32,145,12,999,0,1.4,93.91799999999999,-42.7,4.962,5228.1,0,3222,1,2,0,0,2,0,0,3,3,1
35,13,5,999,0,-1.8,92.89299999999999,-46.2,1.291,5099.1,0,2812,0,2,3,0,2,0,0,6,3,1
27,184,1,999,1,-1.1,94.601,-49.5,1.043,4963.6,1,797,9,2,6,0,2,0,0,8,4,0
58,174,5,999,0,1.4,93.91799999999999,-42.7,4.957,5228.1,0,1655,4,0,6,0,2,0,1,3,4,1
56,335,2,999,0,1.4,93.91799999999999,-42.7,4.961,5228.1,0,295,1,1,0,1,2,0,0,3,3,1
54,204,4,999,0,1.4,93.444,-36.1,4.9639999999999995,5228.1,0,667,6,1,3,0,2,0,0,1,2,1
31,187,2,999,0,1.4,94.465,-41.8,4.864,5228.1,0,2719,1,2,3,1,2,0,1,4,3,1
33,406,2,999,1,-1.8,92.84299999999999,-50.0,1.614,5099.1,1,3818,0,2,6,0,0,0,0,5,3,0
55,233,1,999,2,-3.4,92.431,-26.9,0.7390000000000001,5017.5,0,61,2,1,5,0,2,2,0,8,1,0
72,152,1,999,0,-2.9,92.20100000000001,-31.4,0.861,5076.2,0,3876,5,0,0,0,0,0,0,1,1,1
33,201,1,999,1,-1.8,92.89299999999999,-46.2,1.281,5099.1,0,1770,9,2,5,0,2,0,0,6,4,0
26,1087,1,3,1,-1.7,94.027,-38.3,0.904,4991.6,1,3581,0,2,6,0,0,0,1,1,1,2
34,248,2,999,0,1.1,93.994,-36.4,4.856,5191.0,0,949,0,1,5,0,2,0,1,6,3,1
31,1855,3,999,0,-0.1,93.2,-42.0,4.0760000000000005,5195.8,0,2531,2,2,6,0,0,0,0,7,2,1
51,142,2,999,0,1.1,93.994,-36.4,4.856,5191.0,0,1464,2,1,2,0,2,0,1,6,3,1
28,111,1,999,1,-2.9,92.20100000000001,-31.4,0.883,5076.2,0,753,8,2,7,0,2,0,0,1,2,0
24,171,5,999,0,1.4,93.91799999999999,-42.7,4.962,5228.1,0,1682,9,2,5,0,2,0,0,3,4,1
41,129,2,999,0,1.1,93.994,-36.4,4.856,5191.0,0,3262,4,1,3,0,0,2,1,6,3,1
29,127,1,6,2,-1.1,94.76700000000001,-50.8,1.04,4963.6,0,2892,9,2,5,0,0,2,0,7,0,2
36,45,1,999,0,1.4,93.444,-36.1,4.965,5228.1,0,3528,9,1,5,0,2,0,0,1,1,1
31,359,2,999,0,1.1,93.994,-36.4,4.86,5191.0,0,4074,0,1,6,0,2,0,1,6,2,1
38,539,1,999,0,-2.9,92.963,-40.8,1.26,5076.2,1,1487,9,1,6,0,0,0,0,4,4,1
31,582,2,999,1,-1.8,92.89299999999999,-46.2,1.327,5099.1,0,964,7,1,3,0,1,1,0,6,2,0
28,292,3,999,0,1.4,93.91799999999999,-42.7,4.957,5228.1,0,2774,4,2,6,0,0,0,0,3,0,1
42,301,1,999,0,-1.8,92.89299999999999,-46.2,1.334,5099.1,0,704,9,1,6,1,2,0,0,6,4,1
35,390,2,999,0,-1.1,94.199,-37.5,0.878,4963.6,0,2725,9,1,5,0,2,0,0,9,2,1
49,1065,3,999,0,1.4,93.91799999999999,-42.7,4.962,5228.1,1,1104,1,0,1,1,0,0,0,3,1,1
31,160,3,999,0,1.4,93.91799999999999,-42.7,4.96,5228.1,0,243,7,1,3,1,0,0,0,3,1,1
47,472,2,999,0,-1.8,92.89299999999999,-46.2,1.2990000000000002,5099.1,0,3745,1,1,1,1,2,0,0,6,1,1
50,74,3,999,0,1.4,93.91799999999999,-42.7,4.968,5228.1,0,3028,10,1,5,0,0,0,0,3,2,1
36,187,1,999,0,1.4,93.91799999999999,-42.7,4.963,5228.1,0,3620,0,0,6,1,2,0,0,3,2,1
41,93,1,999,0,-1.8,92.89299999999999,-46.2,1.327,5099.1,0,186,4,1,6,0,2,0,0,6,2,1
27,104,1,999,0,1.1,93.994,-36.4,4.8580000000000005,5191.0,0,2245,8,2,6,0,2,0,1,6,1,1
32,123,3,999,0,1.4,94.465,-41.8,4.959,5228.1,0,2060,1,1,2,0,2,0,1,4,0,1
31,225,2,999,0,1.4,93.91799999999999,-42.7,4.962,5228.1,0,2988,9,1,5,0,2,0,0,3,4,1
53,477,2,999,0,1.4,93.91799999999999,-42.7,4.961,5228.1,0,99,4,1,6,0,0,0,0,3,3,1
40,448,2,999,0,1.4,93.91799999999999,-42.7,4.963,5228.1,0,2059,2,1,0,1,2,0,0,3,4,1
34,50,1,999,0,-1.8,92.89299999999999,-46.2,1.334,5099.1,0,1665,1,1,2,0,0,2,0,6,4,1
32,73,1,999,0,1.4,93.444,-36.1,4.9639999999999995,5228.1,0,2224,3,1,6,0,2,2,0,1,4,1
55,64,1,999,0,1.4,93.444,-36.1,4.9639999999999995,5228.1,0,1431,7,1,0,0,0,2,0,1,4,1
37,63,2,999,2,-1.8,93.075,-47.1,1.41,5099.1,0,1959,9,2,3,0,2,0,1,0,2,0
44,194,3,999,0,1.1,93.994,-36.4,4.859,5191.0,0,2069,1,1,1,1,2,0,1,6,0,1
57,391,2,999,0,-3.0,92.713,-33.0,0.706,5023.5,1,2579,0,1,7,0,2,0,0,2,4,1
55,67,9,999,0,1.4,93.91799999999999,-42.7,4.961,5228.1,0,1849,2,0,7,0,0,0,0,3,3,1
47,431,3,999,0,1.4,93.91799999999999,-42.7,4.962,5228.1,0,655,5,2,1,1,2,2,0,3,1,1
31,662,1,999,0,1.4,93.91799999999999,-42.7,4.962,5228.1,1,1986,9,0,5,0,2,0,0,3,4,1
32,1143,1,999,0,-1.8,93.075,-47.1,1.365,5099.1,1,1403,0,2,3,0,0,0,0,0,2,1
43,228,1,999,0,1.1,93.994,-36.4,4.8580000000000005,5191.0,0,1625,3,1,0,1,0,2,1,6,4,1
35,301,2,999,0,-1.8,92.89299999999999,-46.2,1.3130000000000002,5099.1,0,447,7,1,3,0,0,0,0,6,0,1
31,241,1,999,0,1.1,93.994,-36.4,4.859,5191.0,0,1238,1,1,0,1,0,2,1,6,0,1
41,88,1,999,1,-1.8,92.89299999999999,-46.2,1.3130000000000002,5099.1,0,214,1,0,2,0,2,0,0,6,0,0
28,262,1,999,0,1.1,93.994,-36.4,4.855,5191.0,0,290,1,1,1,1,0,0,1,6,2,1
43,36,5,999,1,-1.8,92.89299999999999,-46.2,1.3130000000000002,5099.1,0,3891,1,1,1,0,0,0,0,6,0,0
41,160,2,999,0,1.1,93.994,-36.4,4.857,5191.0,0,3322,1,0,1,0,2,0,1,6,0,1
50,1005,2,999,0,1.4,94.465,-41.8,4.8660000000000005,5228.1,0,1496,4,1,7,0,2,0,1,4,2,1
50,90,2,999,0,1.4,93.444,-36.1,4.968,5228.1,0,158,7,1,7,0,2,0,0,1,2,1
32,823,1,999,0,1.4,93.444,-36.1,4.965,5228.1,1,2572,0,2,6,0,0,0,0,1,4,1
42,377,1,999,0,-1.8,92.89299999999999,-46.2,1.264,5099.1,1,2534,9,1,5,0,0,0,0,6,1,1
58,570,2,999,0,1.4,94.465,-41.8,4.959,5228.1,1,2450,1,1,0,1,2,0,1,4,0,1
28,317,2,999,0,-3.4,92.431,-26.9,0.7390000000000001,5017.5,0,3819,0,2,6,0,0,0,0,8,0,1
48,1062,3,999,0,-1.8,92.89299999999999,-46.2,1.291,5099.1,1,2783,0,0,6,0,0,0,0,6,3,1
50,198,1,999,0,-1.8,93.075,-47.1,1.405,5099.1,0,3656,4,1,6,0,2,0,1,0,0,1
60,89,2,999,0,1.4,94.465,-41.8,4.961,5228.1,0,3366,4,1,6,0,2,0,1,4,2,1
53,381,2,999,0,1.4,94.465,-41.8,4.865,5228.1,0,4066,7,1,3,1,2,0,1,4,1,1
43,127,1,999,0,-0.1,93.2,-42.0,4.1530000000000005,5195.8,0,1702,0,1,3,0,0,0,0,7,3,1
30,227,1,999,0,1.4,93.91799999999999,-42.7,4.957,5228.1,0,727,0,1,3,0,0,0,0,3,4,1
49,87,1,999,0,1.4,93.444,-36.1,4.968,5228.1,0,1267,4,1,6,0,2,0,0,1,2,1
58,148,3,999,0,1.1,93.994,-36.4,4.86,5191.0,0,2380,1,1,0,1,2,0,1,6,2,1
41,135,1,999,0,-0.1,93.2,-42.0,4.12,5195.8,0,941,0,1,2,0,2,0,0,7,4,1
28,1195,2,999,0,1.4,94.465,-41.8,4.962,5228.1,0,3953,9,2,5,0,2,0,1,4,4,1
23,226,2,999,1,-1.1,94.601,-49.5,1.032,4963.6,1,552,8,2,3,0,2,0,0,8,1,0
34,309,1,999,0,1.1,93.994,-36.4,4.856,5191.0,0,276,7,1,3,1,2,0,1,6,3,1
28,103,2,999,0,1.4,93.91799999999999,-42.7,4.957,5228.1,0,2084,1,2,2,0,2,0,0,3,0,1
34,284,2,999,0,1.4,93.91799999999999,-42.7,4.968,5228.1,0,1512,10,1,3,0,0,0,0,3,2,1
38,95,2,999,0,1.4,94.465,-41.8,4.959,5228.1,0,4048,1,1,0,1,0,0,1,4,4,1
45,474,1,999,0,1.4,93.444,-36.1,4.963,5228.1,0,1777,9,1,3,0,2,2,0,1,3,1
29,758,2,999,0,-1.8,93.075,-47.1,1.405,5099.1,0,3928,2,2,6,0,0,0,0,0,0,1
24,722,3,999,0,1.4,93.91799999999999,-42.7,4.96,5228.1,0,1461,0,2,3,0,2,0,1,3,1,1
54,198,3,999,0,1.1,93.994,-36.4,4.857,5191.0,0,1535,1,1,5,1,2,2,1,6,1,1
28,525,1,999,0,1.4,94.465,-41.8,4.864,5228.1,0,36,1,2,2,0,2,0,1,4,4,1
37,95,3,999,0,-1.8,92.89299999999999,-46.2,1.27,5099.1,0,1836,2,0,6,0,0,2,0,6,2,1
51,901,1,999,0,1.4,93.91799999999999,-42.7,4.963,5228.1,1,1415,10,1,5,1,2,2,0,3,2,1
57,338,2,999,0,1.4,93.444,-36.1,4.965,5228.1,0,2320,4,1,6,1,0,0,0,1,4,1
49,383,3,999,0,1.4,93.444,-36.1,4.965,5228.1,0,1510,1,1,1,0,0,0,0,1,1,1
48,224,4,999,0,1.1,93.994,-36.4,4.864,5191.0,0,2915,0,0,6,0,2,0,1,6,0,1
33,291,1,999,3,-1.1,94.601,-49.5,0.977,4963.6,0,2143,7,1,5,0,0,0,0,8,1,0
39,183,1,999,0,1.4,93.444,-36.1,4.963,5228.1,0,2262,3,1,0,0,0,0,0,1,2,1
32,412,1,999,0,-1.8,92.89299999999999,-46.2,1.27,5099.1,1,1594,0,2,6,0,2,0,0,6,4,1
32,239,11,999,0,1.4,93.91799999999999,-42.7,4.963,5228.1,0,1117,9,2,3,0,0,0,1,3,4,1
58,145,1,999,2,-1.1,94.199,-37.5,0.882,4963.6,0,2408,2,1,3,0,0,0,0,9,1,0
51,297,2,999,0,1.4,93.444,-36.1,4.9639999999999995,5228.1,0,112,1,1,0,1,2,2,0,1,2,1
48,67,2,999,0,1.4,93.444,-36.1,4.9639999999999995,5228.1,0,2424,1,1,2,0,2,0,1,1,0,1
56,276,1,999,0,-3.4,92.37899999999999,-29.8,0.778,5017.5,0,2700,0,1,3,0,0,0,0,9,2,1
58,70,1,999,0,-0.1,93.2,-42.0,4.191,5195.8,0,4080,0,0,6,0,2,0,0,7,1,1
48,725,1,999,0,-1.8,92.89299999999999,-46.2,1.291,5099.1,1,2083,4,1,2,0,2,0,0,6,3,1
28,497,1,999,0,1.4,93.91799999999999,-42.7,4.96,5228.1,0,1850,1,1,2,0,2,0,0,3,1,1
40,179,2,999,0,1.4,94.465,-41.8,4.959,5228.1,0,2993,9,1,5,0,0,0,1,4,0,1
44,341,2,999,0,1.4,93.444,-36.1,4.97,5228.1,0,49,7,1,5,0,0,0,0,1,1,1
32,402,1,999,0,1.4,93.444,-36.1,4.968,5228.1,0,3489,9,1,6,0,2,0,0,1,2,1
34,232,2,999,0,1.4,94.465,-41.8,4.959,5228.1,0,1658,1,1,2,0,2,0,1,4,0,1
51,393,1,999,0,1.4,93.444,-36.1,4.9639999999999995,5228.1,0,190,1,1,1,0,0,0,0,1,0,1
24,224,1,999,0,-1.8,92.84299999999999,-50.0,1.6019999999999999,5099.1,1,955,0,2,3,0,2,2,0,5,4,1
40,258,6,999,0,1.4,93.444,-36.1,4.962,5228.1,0,1632,9,1,5,0,2,0,0,1,2,1
35,432,1,999,0,1.1,93.994,-36.4,4.856,5191.0,0,905,9,0,7,0,2,2,1,6,4,1
40,176,1,999,1,-1.8,93.075,-47.1,1.41,5099.1,0,3289,2,1,5,1,2,0,0,0,2,0
54,577,3,999,0,1.4,93.91799999999999,-42.7,4.962,5228.1,0,762,5,2,3,0,2,0,0,3,2,1
25,301,1,999,0,1.4,93.91799999999999,-42.7,4.958,5228.1,0,11,7,2,1,1,2,0,0,3,2,1
60,245,2,999,0,1.1,93.994,-36.4,4.857,5191.0,0,3127,5,1,6,1,2,0,1,6,3,1
35,57,1,999,0,-0.1,93.2,-42.0,4.191,5195.8,0,1911,10,1,0,0,2,0,0,7,1,1
57,203,1,999,0,1.4,94.465,-41.8,4.962,5228.1,0,3730,5,0,5,0,0,0,1,4,4,1
53,76,1,999,0,1.4,93.444,-36.1,4.9639999999999995,5228.1,0,238,7,1,3,1,2,0,0,1,2,1
38,446,12,999,0,1.1,93.994,-36.4,4.856,5191.0,0,3190,9,2,6,0,2,0,1,6,3,1
39,188,2,999,0,-0.1,93.2,-42.0,4.021,5195.8,0,3555,0,2,7,0,0,0,0,7,0,1
41,141,1,999,0,1.4,93.91799999999999,-42.7,4.96,5228.1,0,581,0,0,1,0,0,0,1,3,1,1
43,101,1,999,0,1.4,93.444,-36.1,4.966,5228.1,0,3485,0,1,6,1,0,0,0,1,3,1
24,147,1,999,1,-2.9,92.20100000000001,-31.4,0.851,5076.2,0,1526,0,2,6,0,0,0,0,1,2,0
44,86,1,999,0,1.4,93.91799999999999,-42.7,4.963,5228.1,0,2100,7,1,3,1,2,0,0,3,4,1
39,109,4,999,0,1.1,93.994,-36.4,4.855,5191.0,0,1497,5,2,3,0,0,0,1,6,2,1
34,102,3,999,0,-1.8,92.89299999999999,-46.2,1.2990000000000002,5099.1,0,1434,6,2,6,0,2,0,0,6,1,1
49,441,2,999,0,-1.8,93.075,-47.1,1.405,5099.1,0,2089,0,2,1,0,2,2,0,0,0,1
34,145,2,999,0,1.4,93.91799999999999,-42.7,4.962,5228.1,0,3835,0,1,6,0,0,0,0,3,3,1
42,458,3,999,0,-1.8,92.89299999999999,-46.2,1.334,5099.1,0,3287,1,1,1,1,2,0,0,6,4,1
40,105,1,999,0,1.1,93.994,-36.4,4.86,5191.0,0,2634,9,1,5,1,2,0,1,6,2,1
29,239,1,999,0,-0.1,93.2,-42.0,4.0760000000000005,5195.8,0,2261,9,2,5,1,2,0,0,7,2,1
52,87,5,999,0,1.4,93.91799999999999,-42.7,4.962,5228.1,0,1721,0,0,3,0,0,0,0,3,0,1
58,173,1,999,0,-1.8,92.89299999999999,-46.2,1.281,5099.1,0,432,1,1,0,1,2,2,0,6,4,1
38,1058,1,999,0,1.4,93.91799999999999,-42.7,4.961,5228.1,1,557,10,1,0,1,0,0,0,3,3,1
38,503,1,999,0,1.4,93.91799999999999,-42.7,4.963,5228.1,0,1550,7,0,3,0,0,0,0,3,2,1
26,305,2,999,0,1.1,93.994,-36.4,4.855,5191.0,0,2376,9,1,3,0,2,0,1,6,0,1
30,592,3,999,1,-1.7,94.027,-38.3,0.899,4991.6,1,2306,8,2,3,0,0,0,0,1,3,0
35,497,2,999,0,1.4,94.465,-41.8,4.864,5228.1,0,1098,1,1,2,0,0,0,1,4,3,1
34,141,2,999,0,-1.1,94.76700000000001,-50.8,1.05,4963.6,0,138,0,1,6,0,0,0,0,7,1,1
42,312,2,999,0,-1.8,92.89299999999999,-46.2,1.354,5099.1,0,1436,7,1,3,0,0,0,0,6,1,1
31,115,1,999,0,1.1,93.994,-36.4,4.856,5191.0,0,1948,1,2,2,0,2,0,1,6,3,1
48,239,1,999,0,1.4,93.444,-36.1,4.9639999999999995,5228.1,0,2368,9,1,6,0,0,0,0,1,0,1
40,258,2,999,0,1.4,94.465,-41.8,4.961,5228.1,0,669,1,1,0,0,0,0,1,4,1,1
42,721,10,999,0,1.4,93.91799999999999,-42.7,4.968,5228.1,0,790,9,1,5,1,2,0,0,3,2,1
49,1980,2,999,0,1.1,93.994,-36.4,4.864,5191.0,1,3267,1,1,1,0,2,0,1,6,0,1
54,464,1,999,0,1.1,93.994,-36.4,4.856,5191.0,0,3875,9,1,6,0,2,0,1,6,4,1
32,246,1,999,0,-1.8,92.89299999999999,-46.2,1.2990000000000002,5099.1,0,2934,9,1,5,0,2,0,0,6,1,1
44,102,1,999,0,-1.8,92.89299999999999,-46.2,1.327,5099.1,0,3133,1,1,1,0,2,0,0,6,2,1
53,127,3,999,0,1.4,93.91799999999999,-42.7,4.957,5228.1,0,3070,7,0,2,0,0,0,0,3,0,1
29,718,13,999,0,1.4,94.465,-41.8,4.8660000000000005,5228.1,0,1973,1,1,3,0,0,0,1,4,2,1
36,287,2,999,0,-0.1,93.2,-42.0,4.0760000000000005,5195.8,0,1318,0,2,6,0,2,0,0,7,2,1
37,42,4,999,0,1.4,94.465,-41.8,4.961,5228.1,0,3675,7,0,3,0,2,0,1,4,3,1
28,771,2,999,0,1.4,94.465,-41.8,4.962,5228.1,1,2278,4,1,6,0,0,0,1,4,4,1
54,490,12,999,0,1.4,94.465,-41.8,4.865,5228.1,0,3187,0,1,3,1,2,0,1,4,1,1
37,164,3,999,0,-1.8,92.89299999999999,-46.2,1.334,5099.1,0,2624,1,1,0,0,2,0,0,6,4,1
47,30,2,999,0,1.1,93.994,-36.4,4.857,5191.0,0,4069,1,0,2,1,2,0,1,6,4,1
39,10,6,999,1,-0.1,93.2,-42.0,4.0760000000000005,5195.8,0,2673,4,0,6,0,2,0,0,7,2,0
26,133,2,999,1,-3.4,92.431,-26.9,0.73,5017.5,0,2135,0,2,6,0,0,0,0,8,0,0
30,209,1,999,0,-0.1,93.2,-42.0,4.191,5195.8,0,993,7,1,2,1,2,0,0,7,1,1
43,221,2,999,0,-1.8,92.89299999999999,-46.2,1.244,5099.1,0,812,1,1,0,0,2,0,0,6,1,1
47,133,8,999,0,1.4,93.444,-36.1,4.965,5228.1,0,3231,4,1,6,0,2,0,0,1,3,1
54,130,2,999,0,-1.8,93.075,-47.1,1.405,5099.1,0,3161,9,1,5,1,2,0,0,0,1,1
48,286,1,999,0,1.4,93.444,-36.1,4.965,5228.1,0,757,0,1,6,1,2,0,0,1,3,1
52,118,1,999,0,1.4,93.444,-36.1,4.968,5228.1,0,368,4,1,6,1,2,2,0,1,2,1
30,873,8,999,0,1.4,93.91799999999999,-42.7,4.962,5228.1,1,2088,0,2,6,0,2,0,0,3,2,1
35,265,2,999,0,-0.1,93.2,-42.0,4.12,5195.8,0,208,4,1,6,0,2,0,0,7,4,1
30,386,3,999,0,1.4,93.444,-36.1,4.963,5228.1,0,2823,0,2,6,0,2,0,0,1,3,1
39,85,1,999,0,1.1,93.994,-36.4,4.8580000000000005,5191.0,0,1831,1,1,0,1,2,0,1,6,4,1
53,118,7,999,0,1.4,93.91799999999999,-42.7,4.961,5228.1,0,1084,1,1,3,0,2,0,0,3,3,1
43,382,2,999,0,-0.1,93.2,-42.0,4.12,5195.8,0,3204,4,1,6,0,0,0,0,7,4,1
31,215,2,999,1,-1.8,92.89299999999999,-46.2,1.327,5099.1,0,1040,7,1,3,0,1,1,0,6,2,0
41,180,2,999,0,1.1,93.994,-36.4,4.857,5191.0,0,3145,9,1,2,0,0,0,1,6,1,1
45,221,1,999,0,1.1,93.994,-36.4,4.857,5191.0,0,3006,7,1,5,0,2,0,1,6,1,1
25,114,2,999,0,-1.8,92.89299999999999,-46.2,1.25,5099.1,0,2337,1,1,0,0,0,0,0,6,0,1
58,86,2,999,0,1.4,93.91799999999999,-42.7,4.96,5228.1,0,2665,1,1,0,1,2,0,0,3,1,1
36,151,3,999,0,-0.1,93.2,-42.0,4.0760000000000005,5195.8,0,249,6,1,2,0,2,2,0,7,2,1
48,544,1,999,0,-1.7,94.027,-38.3,0.904,4991.6,1,890,0,0,6,0,0,0,0,1,2,1
29,442,3,999,0,-2.9,92.963,-40.8,1.26,5076.2,0,694,9,2,6,0,0,0,0,4,2,1
30,399,1,999,0,-1.8,92.89299999999999,-46.2,1.354,5099.1,0,2544,11,1,5,0,0,0,0,6,1,1
55,336,1,999,1,-1.8,92.89299999999999,-46.2,1.244,5099.1,0,815,7,1,3,0,0,0,0,6,1,0
55,188,2,999,0,1.4,93.91799999999999,-42.7,4.963,5228.1,0,1613,5,1,6,0,2,0,0,3,0,1
30,176,4,999,0,1.1,93.994,-36.4,4.864,5191.0,0,2160,1,1,0,1,2,0,1,6,0,1
37,204,2,999,0,-1.8,92.89299999999999,-46.2,1.334,5099.1,0,62,1,1,2,0,2,0,0,6,4,1
38,42,1,999,1,-1.8,92.89299999999999,-46.2,1.334,5099.1,0,1357,1,2,1,1,0,2,0,6,4,0
53,228,1,999,1,-1.8,93.369,-34.8,0.65,5008.7,0,2682,0,0,6,0,2,0,0,5,2,0
41,122,1,999,0,1.4,94.465,-41.8,4.962,5228.1,0,2270,1,0,0,0,2,0,1,4,4,1
57,259,1,999,1,-1.8,92.89299999999999,-46.2,1.2590000000000001,5099.1,0,973,0,1,1,0,0,0,0,6,0,0
31,116,1,999,0,1.4,94.465,-41.8,4.864,5228.1,0,3398,0,2,6,0,2,0,1,4,3,1
50,152,5,999,0,1.1,93.994,-36.4,4.857,5191.0,0,3901,1,1,0,1,2,0,1,6,1,1
57,5,1,999,0,-0.1,93.2,-42.0,4.663,5195.8,0,2535,0,0,6,0,0,0,1,7,4,1
59,204,2,999,0,1.4,93.444,-36.1,4.968,5228.1,0,804,5,1,3,0,1,1,1,1,2,1
47,42,1,999,0,1.1,93.994,-36.4,4.855,5191.0,0,477,0,1,6,0,0,0,1,6,2,1
35,126,3,999,0,1.4,93.91799999999999,-42.7,4.962,5228.1,0,1744,1,2,2,0,2,0,0,3,1,1
52,26,2,999,0,1.4,94.465,-41.8,4.961,5228.1,0,2574,5,0,0,1,2,2,1,4,2,1
27,192,1,999,0,1.4,93.91799999999999,-42.7,4.962,5228.1,0,1578,0,2,3,0,0,0,0,3,3,1
39,168,2,999,0,1.1,93.994,-36.4,4.855,5191.0,0,562,10,1,6,0,2,0,1,6,2,1
50,287,1,999,0,-1.8,92.89299999999999,-46.2,1.266,5099.1,0,1165,6,1,2,1,0,0,0,6,2,1
55,185,1,999,0,1.4,93.91799999999999,-42.7,4.962,5228.1,0,240,11,1,0,0,0,2,0,3,2,1
31,68,1,999,1,-0.1,93.2,-42.0,4.1530000000000005,5195.8,0,9,7,0,5,0,0,0,0,7,3,0
31,70,3,999,0,1.4,93.91799999999999,-42.7,4.962,5228.1,0,4036,1,2,2,1,0,2,1,3,2,1
29,602,7,999,0,1.4,93.444,-36.1,4.9639999999999995,5228.1,0,1941,0,2,6,0,2,0,0,1,0,1
25,109,1,999,0,1.4,94.465,-41.8,4.967,5228.1,0,473,0,1,6,0,2,0,1,4,0,1
28,59,3,999,0,-1.8,92.89299999999999,-46.2,1.291,5099.1,0,73,0,2,3,0,2,0,0,6,3,1
39,396,4,999,0,1.4,94.465,-41.8,4.967,5228.1,0,3510,1,2,0,0,0,2,1,4,0,1
29,99,2,999,0,1.1,93.994,-36.4,4.857,5191.0,0,2086,4,2,6,0,0,0,1,6,4,1
43,177,1,999,0,-1.8,93.075,-47.1,1.41,5099.1,0,2736,4,1,7,1,0,0,0,0,2,1
57,230,1,999,0,1.4,93.91799999999999,-42.7,4.96,5228.1,0,872,0,1,6,0,0,0,0,3,1,1
28,218,1,999,0,-1.8,93.075,-47.1,1.392,5099.1,0,1169,1,2,2,0,0,0,0,0,1,1
34,388,2,999,0,1.1,93.994,-36.4,4.855,5191.0,0,699,9,1,5,0,0,2,1,6,0,1
50,80,1,999,0,1.4,93.444,-36.1,4.966,5228.1,0,678,1,1,0,1,2,0,0,1,0,1
32,224,1,999,0,1.4,93.444,-36.1,4.965,5228.1,0,576,0,1,6,0,2,2,0,1,4,1
59,458,9,999,0,1.4,93.91799999999999,-42.7,4.962,5228.1,1,1189,10,1,0,1,2,0,0,3,2,1
37,264,5,999,0,1.4,93.91799999999999,-42.7,4.962,5228.1,0,3158,7,1,3,0,0,2,0,3,1,1
48,82,1,999,0,-0.1,93.2,-42.0,4.191,5195.8,0,3154,6,0,3,0,2,0,0,7,1,1
36,146,2,999,0,1.1,93.994,-36.4,4.857,5191.0,0,999,9,1,6,0,0,0,1,6,4,1
55,482,1,999,0,1.4,93.444,-36.1,4.968,5228.1,0,1142,0,1,5,0,2,2,0,1,3,1
39,328,2,6,3,-1.8,93.876,-40.0,0.6829999999999999,5008.7,1,2489,7,1,3,0,2,0,0,6,2,2
29,118,1,999,0,1.1,93.994,-36.4,4.855,5191.0,0,3749,4,2,6,0,0,0,1,6,0,1
24,311,2,999,0,-1.8,92.89299999999999,-46.2,1.27,5099.1,1,3044,9,2,5,0,1,1,0,6,4,1
54,141,1,999,0,1.4,93.91799999999999,-42.7,4.962,5228.1,0,315,5,0,0,1,2,0,0,3,3,1
27,88,6,999,0,1.4,93.91799999999999,-42.7,4.961,5228.1,0,1365,7,2,2,0,2,2,0,3,3,1
38,35,6,999,0,1.4,93.444,-36.1,4.965,5228.1,0,172,0,1,6,0,2,0,0,1,3,1
29,190,1,999,0,1.4,93.444,-36.1,4.9639999999999995,5228.1,0,2158,0,1,6,0,0,0,0,1,0,1
39,156,2,999,0,-1.8,93.075,-47.1,1.405,5099.1,0,3299,1,1,0,0,2,0,0,0,0,1
40,309,2,999,0,1.4,93.91799999999999,-42.7,4.958,5228.1,0,1562,4,2,6,0,0,0,0,3,2,1
31,191,1,999,0,1.4,93.444,-36.1,4.966,5228.1,0,982,9,2,3,0,0,0,0,1,3,1
48,128,6,999,0,1.4,93.444,-36.1,4.9639999999999995,5228.1,0,2511,1,1,3,0,2,0,0,1,4,1
30,71,2,999,0,-0.1,93.2,-42.0,4.0760000000000005,5195.8,0,2896,1,2,2,1,2,0,0,7,2,1
38,103,1,999,0,-2.9,92.963,-40.8,1.099,5076.2,0,1087,0,2,6,0,0,0,0,4,3,1
37,49,4,999,0,1.4,93.91799999999999,-42.7,4.961,5228.1,0,592,0,2,3,0,2,0,1,3,3,1
42,110,4,999,0,1.4,94.465,-41.8,4.864,5228.1,0,2334,1,1,0,0,0,0,1,4,3,1
47,345,7,999,0,1.4,93.444,-36.1,4.9639999999999995,5228.1,0,176,9,1,6,0,2,0,0,1,4,1
44,158,2,999,0,1.1,93.994,-36.4,4.859,5191.0,0,2409,4,1,6,0,0,0,1,6,4,1
36,86,4,999,0,-1.8,92.89299999999999,-46.2,1.27,5099.1,0,454,9,1,5,0,2,0,1,6,4,1
82,316,1,999,0,-1.7,94.215,-40.3,0.8809999999999999,4991.6,1,3550,3,0,0,0,0,0,0,3,4,1
29,36,3,999,0,1.4,93.444,-36.1,4.963,5228.1,0,1694,0,1,3,0,2,2,0,1,1,1
58,272,4,6,1,-1.1,94.199,-37.5,0.878,4963.6,1,3087,0,1,6,0,0,0,0,9,2,2
50,74,1,999,0,1.1,93.994,-36.4,4.859,5191.0,0,545,1,1,0,1,2,0,1,6,0,1
38,256,2,999,0,-1.1,94.199,-37.5,0.878,4963.6,1,3698,7,2,3,0,0,0,0,9,0,1
32,66,3,999,1,-1.8,92.89299999999999,-46.2,1.2990000000000002,5099.1,0,3772,6,2,6,0,2,0,0,6,1,0
31,304,2,999,0,1.4,93.91799999999999,-42.7,4.962,5228.1,0,710,0,2,3,0,2,0,0,3,2,1
53,88,4,999,0,1.4,93.444,-36.1,4.962,5228.1,0,1313,4,1,6,0,0,0,0,1,2,1
52,208,2,999,0,1.1,93.994,-36.4,4.86,5191.0,0,3954,9,1,2,0,2,0,1,6,2,1
30,348,3,999,0,1.4,94.465,-41.8,4.961,5228.1,0,4042,1,1,2,0,0,0,1,4,2,1
39,432,4,999,0,1.4,94.465,-41.8,4.865,5228.1,1,71,9,2,5,1,0,0,1,4,1,1
41,150,2,999,1,-1.8,93.075,-47.1,1.405,5099.1,0,939,1,1,0,1,2,0,0,0,0,0
36,140,1,999,0,-1.8,93.075,-47.1,1.405,5099.1,0,1559,0,2,3,0,0,0,0,0,0,1
30,329,2,999,0,-0.1,93.2,-42.0,4.0760000000000005,5195.8,0,3783,6,1,5,0,2,0,0,7,2,1
43,225,1,999,0,1.1,93.994,-36.4,4.857,5191.0,0,1188,9,1,5,0,2,0,1,6,3,1
35,618,1,999,0,1.4,94.465,-41.8,4.961,5228.1,1,601,8,2,6,1,0,0,1,4,2,1
50,90,1,999,0,1.4,93.91799999999999,-42.7,4.966,5228.1,0,2236,1,1,2,1,1,1,1,3,2,1
41,178,3,999,1,-1.8,92.89299999999999,-46.2,1.291,5099.1,0,1866,1,1,1,1,0,2,0,6,3,0
26,136,3,999,0,-1.8,92.89299999999999,-46.2,1.266,5099.1,0,1113,0,2,3,1,0,0,0,6,2,1
32,21,12,999,0,-1.8,92.89299999999999,-46.2,1.266,5099.1,0,2109,7,1,3,0,2,0,0,6,2,1
32,319,1,999,1,-1.8,92.89299999999999,-46.2,1.3130000000000002,5099.1,0,958,1,1,3,0,0,0,0,6,0,0
31,5,1,999,0,-1.1,94.199,-37.5,0.879,4963.6,0,935,1,2,2,0,2,0,1,9,1,1
48,607,1,999,0,1.1,93.994,-36.4,4.8580000000000005,5191.0,1,2904,1,1,2,0,0,0,1,6,1,1
39,72,1,999,0,1.4,94.465,-41.8,4.958,5228.1,0,2322,10,1,6,0,2,0,1,4,2,1
35,42,2,999,0,-0.1,93.2,-42.0,4.191,5195.8,0,1976,2,2,2,0,2,0,0,7,1,1
35,16,6,999,1,-1.8,92.89299999999999,-46.2,1.266,5099.1,0,3925,9,1,5,0,2,0,0,6,2,0
36,61,6,999,0,1.4,93.91799999999999,-42.7,4.96,5228.1,0,1386,0,1,6,0,0,0,0,3,1,1
46,1288,3,999,0,1.4,94.465,-41.8,4.967,5228.1,0,3601,9,0,6,0,0,0,1,4,0,1
36,22,1,999,0,1.4,94.465,-41.8,4.8660000000000005,5228.1,0,3236,4,1,6,0,0,0,1,4,2,1
31,515,1,999,0,1.4,93.444,-36.1,4.9639999999999995,5228.1,0,3251,9,1,6,0,2,0,0,1,2,1
31,357,2,999,0,1.4,94.465,-41.8,4.864,5228.1,0,77,0,2,6,0,2,0,1,4,4,1
60,11,8,999,0,1.4,93.444,-36.1,4.965,5228.1,0,4065,9,1,6,0,2,0,0,1,3,1
39,322,3,999,0,1.1,93.994,-36.4,4.856,5191.0,0,3615,7,1,2,0,2,0,1,6,3,1
42,428,3,999,1,-1.8,92.89299999999999,-46.2,1.266,5099.1,0,2927,1,1,7,1,0,2,0,6,2,0
56,172,1,999,0,-1.8,93.075,-47.1,1.466,5099.1,0,1755,5,1,1,0,2,0,1,0,1,1
33,400,3,999,0,1.4,93.91799999999999,-42.7,4.962,5228.1,0,2025,4,2,6,0,2,0,0,3,1,1
51,448,1,999,0,1.1,93.994,-36.4,4.857,5191.0,0,1939,1,2,0,1,0,0,1,6,0,1
37,14,3,999,0,-1.8,92.89299999999999,-46.2,1.244,5099.1,0,2391,0,1,3,0,0,0,0,6,1,1
28,168,2,999,0,1.4,94.465,-41.8,4.959,5228.1,0,3827,8,2,5,0,0,0,1,4,0,1
47,66,2,999,0,1.4,93.91799999999999,-42.7,4.96,5228.1,0,4056,9,1,5,0,0,0,0,3,1,1
48,438,2,999,0,1.4,93.91799999999999,-42.7,4.963,5228.1,0,2923,2,1,2,0,2,0,0,3,4,1
36,27,1,999,1,-1.8,92.89299999999999,-46.2,1.327,5099.1,0,629,0,2,3,0,2,0,0,6,2,0
28,114,1,999,0,-2.9,92.963,-40.8,1.26,5076.2,0,3194,0,2,6,0,0,0,0,4,1,1
60,99,2,999,2,-3.4,92.37899999999999,-29.8,0.768,5017.5,0,3775,5,0,3,0,0,0,0,9,4,0
35,77,2,999,0,1.4,93.91799999999999,-42.7,4.962,5228.1,0,3930,0,2,6,0,2,0,0,3,1,1
31,475,1,999,1,-1.8,92.89299999999999,-46.2,1.2990000000000002,5099.1,1,3048,1,1,2,0,2,0,0,6,1,0
35,159,9,999,0,1.4,94.465,-41.8,4.967,5228.1,0,3473,0,2,6,0,0,2,1,4,0,1
40,250,1,999,0,1.4,93.91799999999999,-42.7,4.962,5228.1,0,404,0,2,6,0,2,0,0,3,0,1
57,161,1,999,0,-1.8,92.89299999999999,-46.2,1.2990000000000002,5099.1,0,3920,9,1,3,0,0,2,0,6,1,1
28,477,2,999,1,-1.8,93.075,-47.1,1.483,5099.1,0,809,9,2,5,0,2,0,0,0,2,0
49,163,1,999,1,-0.1,93.2,-42.0,4.1530000000000005,5195.8,0,2563,0,1,6,0,0,0,0,7,3,0
34,168,2,999,0,-1.7,94.027,-38.3,0.904,4991.6,0,2848,0,2,3,0,2,0,0,1,3,1
31,167,1,999,0,1.4,93.444,-36.1,4.963,5228.1,0,2196,0,2,6,0,0,2,0,1,2,1
66,211,1,999,1,-1.7,94.215,-40.3,0.8959999999999999,4991.6,0,2317,5,0,3,0,0,0,0,3,4,0
66,110,2,999,0,-1.8,92.89299999999999,-46.2,1.27,5099.1,0,3934,11,1,0,0,2,2,0,6,2,1
41,139,1,999,0,-1.8,93.075,-47.1,1.435,5099.1,0,2433,9,1,6,1,2,2,0,0,2,1
29,207,1,999,0,1.1,93.994,-36.4,4.857,5191.0,0,3229,7,2,3,0,0,0,1,6,1,1
47,295,1,999,0,-1.8,92.89299999999999,-46.2,1.344,5099.1,0,794,1,0,2,0,0,0,0,6,3,1
52,503,2,999,0,1.1,93.994,-36.4,4.857,5191.0,0,285,9,1,3,0,2,0,1,6,1,1
56,102,1,999,0,1.4,93.444,-36.1,4.967,5228.1,0,754,5,1,0,1,2,0,0,1,4,1
35,740,1,999,0,1.4,93.91799999999999,-42.7,4.962,5228.1,1,2979,9,1,3,1,2,0,0,3,3,1
27,1170,1,999,0,1.1,93.994,-36.4,4.855,5191.0,0,826,1,1,2,0,0,2,1,6,2,1
53,35,1,999,0,1.1,93.994,-36.4,4.8580000000000005,5191.0,0,2223,0,1,2,0,0,0,1,6,4,1
45,88,5,999,0,1.4,93.91799999999999,-42.7,4.961,5228.1,0,3238,9,1,3,0,2,0,0,3,3,1
55,317,2,10,3,-1.1,94.601,-49.5,0.977,4963.6,0,3618,0,1,3,0,0,0,1,8,1,2
52,268,1,999,0,1.4,93.444,-36.1,4.9639999999999995,5228.1,0,3533,3,1,1,0,2,0,0,1,0,1
55,530,1,999,0,1.1,93.994,-36.4,4.857,5191.0,0,1277,1,1,5,1,2,0,1,6,0,1
24,112,4,999,0,1.1,93.994,-36.4,4.857,5191.0,0,2008,1,2,2,0,2,0,1,6,3,1
44,20,1,999,0,-1.7,94.055,-39.8,0.72,4991.6,0,2318,7,2,3,0,0,0,1,4,1,1
48,154,2,999,0,1.4,93.91799999999999,-42.7,4.963,5228.1,0,312,0,1,6,0,2,2,0,3,0,1
50,229,1,999,1,-3.0,92.713,-33.0,0.7170000000000001,5023.5,1,1106,9,1,3,0,2,0,0,2,1,0
47,202,1,999,0,1.1,93.994,-36.4,4.856,5191.0,0,3142,0,1,6,1,0,0,1,6,3,1
38,166,3,999,0,-0.1,93.2,-42.0,4.0760000000000005,5195.8,0,3813,2,1,2,0,0,0,0,7,2,1
30,72,1,999,0,1.4,93.444,-36.1,4.9639999999999995,5228.1,0,2400,0,2,3,0,0,0,0,1,0,1
28,166,6,999,0,1.4,93.91799999999999,-42.7,4.961,5228.1,0,3685,9,2,3,0,2,0,1,3,3,1
25,94,4,999,0,1.4,93.91799999999999,-42.7,4.961,5228.1,0,1350,1,1,3,1,2,0,0,3,3,1
37,117,1,999,0,1.4,93.91799999999999,-42.7,4.958,5228.1,0,929,1,1,2,1,2,0,0,3,2,1
40,135,1,999,0,1.4,93.91799999999999,-42.7,4.962,5228.1,0,829,1,1,0,1,1,1,1,3,4,1
49,55,1,999,0,-0.1,93.2,-42.0,4.12,5195.8,0,2342,1,0,1,0,0,0,0,7,4,1
35,77,3,999,0,1.4,93.91799999999999,-42.7,4.962,5228.1,0,3441,9,1,5,0,2,2,0,3,2,1
42,219,6,999,0,1.4,93.91799999999999,-42.7,4.962,5228.1,0,3484,0,1,3,0,0,2,0,3,2,1
56,144,2,999,0,-1.8,93.075,-47.1,1.41,5099.1,0,3790,7,0,3,1,2,0,0,0,2,1
41,1360,3,999,0,1.4,93.91799999999999,-42.7,4.96,5228.1,1,855,0,1,6,0,0,0,0,3,1,1
34,125,2,999,0,-0.1,93.2,-42.0,4.0760000000000005,5195.8,0,2091,4,2,6,0,2,2,0,7,2,1
36,241,2,999,0,1.4,94.465,-41.8,4.959,5228.1,0,4076,7,1,3,0,2,0,1,4,0,1
82,279,3,3,2,-1.1,94.199,-37.5,0.877,4963.6,1,151,3,1,0,0,0,0,1,9,3,2
55,136,3,3,1,-2.9,92.963,-40.8,1.268,5076.2,0,3548,5,1,3,0,2,0,0,4,0,2
38,321,1,999,0,1.1,93.994,-36.4,4.857,5191.0,0,1974,1,1,5,0,2,0,1,6,3,1
48,517,3,999,0,1.1,93.994,-36.4,4.86,5191.0,0,2397,0,1,2,1,0,0,1,6,2,1
38,748,2,999,0,1.4,93.444,-36.1,4.965,5228.1,0,1060,0,1,6,0,2,0,0,1,3,1
34,52,3,999,0,-1.8,92.89299999999999,-46.2,1.344,5099.1,0,3903,1,1,2,0,0,0,0,6,3,1
26,806,3,6,2,-1.7,94.215,-40.3,0.861,4991.6,1,293,9,2,6,0,2,0,0,3,0,2
32,271,5,999,0,1.4,93.91799999999999,-42.7,4.963,5228.1,0,1803,9,1,2,0,0,0,0,3,0,1
31,209,1,999,0,1.4,93.444,-36.1,4.9639999999999995,5228.1,0,3578,0,1,6,0,0,0,0,1,4,1
37,436,3,999,0,-1.8,92.89299999999999,-46.2,1.266,5099.1,0,103,7,1,3,0,2,2,0,6,2,1
34,96,1,999,0,-0.1,93.2,-42.0,4.12,5195.8,0,3837,4,1,6,0,2,0,0,7,4,1
25,188,2,999,0,1.4,94.465,-41.8,4.864,5228.1,0,308,0,2,6,0,0,0,1,4,4,1
42,179,5,999,0,1.4,93.91799999999999,-42.7,4.961,5228.1,0,3671,4,1,3,1,0,0,0,3,3,1
50,36,1,999,0,1.4,93.444,-36.1,4.97,5228.1,0,3237,1,1,2,1,2,0,0,1,1,1
32,99,2,999,0,1.1,93.994,-36.4,4.86,5191.0,0,2423,0,1,6,0,0,0,1,6,2,1
34,151,2,999,0,-1.8,93.075,-47.1,1.405,5099.1,0,927,1,1,2,0,2,0,0,0,1,1
36,180,3,999,0,1.1,93.994,-36.4,4.855,5191.0,0,3414,9,2,5,1,0,0,1,6,0,1
36,80,3,999,0,1.4,93.91799999999999,-42.7,4.962,5228.1,0,374,1,1,2,0,2,0,0,3,1,1
41,219,1,999,0,1.4,93.91799999999999,-42.7,4.958,5228.1,0,3369,2,0,2,0,2,2,0,3,2,1
40,54,4,999,0,-2.9,92.963,-40.8,1.244,5076.2,0,1326,6,2,6,0,0,2,0,4,4,1
30,342,9,999,0,1.4,93.91799999999999,-42.7,4.96,5228.1,0,2894,7,1,3,0,2,2,1,3,1,1
43,87,2,999,0,1.1,93.994,-36.4,4.857,5191.0,0,3401,10,1,6,1,1,1,1,6,3,1
36,54,4,999,0,1.4,93.91799999999999,-42.7,4.958,5228.1,0,2421,9,2,5,0,0,0,0,3,2,1
39,51,1,999,0,1.1,93.994,-36.4,4.86,5191.0,0,823,7,0,2,0,2,0,1,6,2,1
53,100,1,999,1,-2.9,92.20100000000001,-31.4,0.883,5076.2,0,2906,9,1,5,0,2,0,0,1,2,0
30,180,1,999,0,1.4,93.444,-36.1,4.963,5228.1,0,3535,0,2,6,0,0,0,0,1,2,1
58,48,6,999,0,1.4,93.91799999999999,-42.7,4.962,5228.1,0,2338,1,1,0,0,2,0,1,3,2,1
35,172,1,999,0,1.4,94.465,-41.8,4.961,5228.1,0,2319,0,1,3,0,2,2,1,4,1,1
54,95,2,999,0,-2.9,92.20100000000001,-31.4,0.838,5076.2,1,2747,5,1,5,1,0,0,0,1,3,1
41,258,2,999,0,1.4,93.444,-36.1,4.97,5228.1,0,950,11,1,7,0,0,0,0,1,1,1
43,272,1,999,0,1.4,93.91799999999999,-42.7,4.962,5228.1,0,3593,1,1,1,0,0,0,0,3,4,1
58,129,1,999,0,-1.8,93.075,-47.1,1.415,5099.1,1,3418,5,0,6,0,2,0,0,0,4,1
58,1092,1,999,0,-3.4,92.649,-30.1,0.716,5017.5,0,2146,6,1,6,0,0,0,0,7,4,1
41,142,1,999,0,1.1,93.994,-36.4,4.859,5191.0,0,2062,1,1,0,0,0,0,1,6,4,1
54,42,1,999,0,-2.9,92.963,-40.8,1.26,5076.2,0,968,4,1,6,0,2,0,0,4,4,1
31,74,2,999,0,-1.8,93.075,-47.1,1.405,5099.1,0,1586,7,1,2,0,0,0,0,0,1,1
58,144,1,999,0,-1.8,92.89299999999999,-46.2,1.334,5099.1,0,120,5,1,2,0,0,2,0,6,4,1
27,266,2,999,1,-1.7,94.055,-39.8,0.748,4991.6,1,2951,0,2,6,0,2,0,0,4,0,0
72,270,1,999,0,-2.9,92.20100000000001,-31.4,0.884,5076.2,0,1364,5,0,6,0,0,0,0,1,3,1
25,137,4,999,0,-1.8,92.89299999999999,-46.2,1.3130000000000002,5099.1,0,2897,0,2,3,0,2,2,0,6,0,1
25,103,3,999,0,-2.9,92.20100000000001,-31.4,0.838,5076.2,0,2283,0,2,6,0,0,0,1,1,3,1
45,174,1,999,0,-0.1,93.2,-42.0,4.021,5195.8,0,3687,9,1,2,1,0,0,0,7,0,1
41,772,2,999,1,-1.8,92.89299999999999,-46.2,1.2990000000000002,5099.1,0,174,7,2,3,1,1,1,0,6,1,0
34,266,4,999,0,1.4,94.465,-41.8,4.961,5228.1,0,2542,1,1,2,1,2,0,1,4,2,1
41,181,1,999,1,-1.8,92.89299999999999,-46.2,1.344,5099.1,0,612,0,1,3,0,2,0,0,6,3,0
34,145,1,999,0,-1.8,93.075,-47.1,1.423,5099.1,0,2862,0,2,6,0,2,0,0,0,3,1
35,241,4,999,0,1.1,93.994,-36.4,4.86,5191.0,0,2852,11,1,2,0,0,0,1,6,2,1
33,252,2,3,2,-1.1,94.601,-49.5,0.977,4963.6,1,2594,7,2,6,0,2,0,0,8,1,2
45,427,4,999,1,-1.8,93.075,-47.1,1.423,5099.1,0,766,1,1,2,1,2,0,0,0,3,0
35,536,2,999,0,1.4,93.444,-36.1,4.966,5228.1,0,2703,9,0,5,0,2,0,0,1,3,1
44,41,3,999,0,1.4,93.91799999999999,-42.7,4.962,5228.1,0,3483,1,1,2,0,0,0,0,3,0,1
30,178,2,999,0,1.1,93.994,-36.4,4.857,5191.0,0,318,0,1,6,0,0,0,1,6,3,1
56,147,3,999,0,1.4,93.444,-36.1,4.963,5228.1,0,1529,1,1,0,1,2,0,0,1,3,1
46,196,2,999,0,1.1,93.994,-36.4,4.856,5191.0,0,3220,1,1,1,1,2,0,1,6,4,1
54,397,1,999,1,-1.8,92.89299999999999,-46.2,1.264,5099.1,1,971,4,1,6,0,0,0,0,6,1,0
57,83,4,999,0,1.4,93.91799999999999,-42.7,4.962,5228.1,0,595,6,1,6,1,0,0,0,3,1,1
48,399,1,999,0,-2.9,92.963,-40.8,1.252,5076.2,0,2148,3,1,3,0,0,0,0,4,3,1
34,206,6,999,0,1.4,93.91799999999999,-42.7,4.96,5228.1,0,2280,7,1,3,0,2,0,0,3,1,1
35,36,1,999,0,1.1,93.994,-36.4,4.857,5191.0,0,2289,1,1,0,1,0,0,1,6,4,1
46,609,1,999,1,-1.8,93.075,-47.1,1.405,5099.1,0,292,0,1,5,0,0,0,0,0,0,0
56,225,2,999,1,-1.8,92.89299999999999,-46.2,1.327,5099.1,0,4039,0,1,2,0,0,2,0,6,2,0
29,297,1,999,0,1.1,93.994,-36.4,4.86,5191.0,0,3313,10,2,6,0,0,0,1,6,2,1
53,520,1,999,0,1.1,93.994,-36.4,4.856,5191.0,0,3250,0,1,3,0,2,0,1,6,3,1
40,224,1,999,0,1.1,93.994,-36.4,4.856,5191.0,0,1454,0,1,2,0,0,0,1,6,3,1
29,254,3,3,1,-2.9,92.20100000000001,-31.4,0.873,5076.2,1,2374,0,2,6,0,2,2,0,1,2,2
47,24,12,999,0,1.1,93.994,-36.4,4.857,5191.0,0,2802,4,1,6,0,0,0,1,6,1,1
55,266,2,999,0,1.1,93.994,-36.4,4.856,5191.0,0,2907,1,1,0,1,2,2,1,6,3,1
36,201,2,999,0,1.1,93.994,-36.4,4.857,5191.0,0,3245,1,2,2,1,0,0,1,6,3,1
31,104,7,999,0,1.4,93.91799999999999,-42.7,4.963,5228.1,0,4063,10,0,6,0,2,2,0,3,4,1
64,671,3,999,0,-1.8,93.876,-40.0,0.6970000000000001,5008.7,1,1492,3,1,7,0,2,0,1,6,4,1
49,57,1,999,0,1.1,93.994,-36.4,4.856,5191.0,0,354,9,1,5,0,2,0,1,6,3,1
45,133,3,999,0,1.4,93.444,-36.1,4.963,5228.1,0,1301,7,1,5,0,1,1,0,1,0,1
38,147,3,999,0,1.4,93.91799999999999,-42.7,4.962,5228.1,0,1862,1,2,3,1,0,0,0,3,2,1
27,177,4,999,0,-1.8,92.89299999999999,-46.2,1.281,5099.1,0,3308,0,2,3,0,2,2,0,6,4,1
36,184,2,999,0,1.1,93.994,-36.4,4.86,5191.0,0,3109,0,1,6,0,0,2,1,6,2,1
54,616,3,999,1,-0.1,93.2,-42.0,4.12,5195.8,0,3956,4,1,1,0,2,0,0,7,4,0
51,104,2,1,1,-0.1,93.2,-42.0,4.1530000000000005,5195.8,0,3666,0,1,6,0,0,0,0,7,3,2
45,133,1,999,0,-1.8,92.89299999999999,-46.2,1.25,5099.1,0,399,6,0,6,0,0,2,0,6,0,1
38,879,2,999,0,1.1,93.994,-36.4,4.86,5191.0,0,4092,4,1,3,1,0,0,1,6,2,1
37,94,3,999,0,1.4,93.444,-36.1,4.9639999999999995,5228.1,0,2558,1,2,5,0,0,0,0,1,4,1
50,600,2,999,1,-0.1,93.2,-42.0,4.1530000000000005,5195.8,0,3979,4,2,6,0,2,0,0,7,3,0
36,234,1,999,0,-0.2,92.756,-45.9,3.3289999999999997,5176.3,0,1308,1,1,3,0,2,0,0,2,2,1
38,81,1,999,0,1.4,93.91799999999999,-42.7,4.968,5228.1,0,324,7,1,3,0,0,0,0,3,2,1
45,544,1,999,0,1.4,93.91799999999999,-42.7,4.958,5228.1,0,436,0,2,6,0,2,0,0,3,2,1
39,17,2,999,0,1.1,93.994,-36.4,4.8580000000000005,5191.0,0,305,6,1,6,0,0,0,1,6,4,1
27,509,4,999,0,1.4,93.91799999999999,-42.7,4.962,5228.1,1,626,7,2,3,1,0,0,0,3,3,1
22,194,2,999,3,-1.1,94.199,-37.5,0.882,4963.6,1,2903,0,2,6,0,2,0,0,9,1,0
44,296,1,999,0,-1.8,92.89299999999999,-46.2,1.291,5099.1,0,3031,4,1,2,0,0,0,0,6,3,1
32,195,3,999,1,-1.8,92.89299999999999,-46.2,1.281,5099.1,0,2036,9,1,3,0,0,0,0,6,4,0
36,12,5,999,0,-1.8,92.89299999999999,-46.2,1.244,5099.1,0,1253,0,2,6,0,0,0,1,6,1,1
24,226,1,999,0,1.1,93.994,-36.4,4.855,5191.0,0,1280,1,1,2,1,2,0,1,6,2,1
25,420,2,999,0,1.4,93.91799999999999,-42.7,4.958,5228.1,0,1484,1,1,0,0,0,0,0,3,2,1
27,131,1,999,0,-1.8,93.075,-47.1,1.445,5099.1,0,3326,9,2,2,0,2,0,0,0,4,1
24,393,3,999,0,-1.8,93.075,-47.1,1.405,5099.1,0,3700,0,2,6,0,2,0,0,0,1,1
45,226,1,999,0,1.4,93.444,-36.1,4.965,5228.1,0,2102,0,1,6,0,2,0,0,1,1,1
50,20,4,999,0,1.1,93.994,-36.4,4.857,5191.0,0,1621,0,1,6,0,0,2,1,6,3,1
30,10,8,999,0,1.4,94.465,-41.8,4.959,5228.1,0,3255,1,2,2,1,0,0,1,4,0,1
42,163,1,999,0,-1.8,93.075,-47.1,1.406,5099.1,1,1818,9,1,3,0,2,0,0,0,2,1
56,178,2,3,1,-3.4,92.649,-30.1,0.716,5017.5,1,1860,9,0,6,0,0,0,0,7,0,2
73,179,1,999,0,-1.8,92.84299999999999,-50.0,1.531,5099.1,1,451,5,1,6,0,2,0,0,5,0,1
47,181,1,999,0,-1.8,92.89299999999999,-46.2,1.25,5099.1,0,650,1,1,3,0,2,0,0,6,0,1
32,174,1,999,0,1.4,94.465,-41.8,4.959,5228.1,0,232,7,1,3,1,0,0,1,4,0,1
81,90,4,999,0,-1.7,94.027,-38.3,0.898,4991.6,0,4068,5,1,0,0,2,0,0,1,1,1
47,159,1,999,0,-1.8,92.89299999999999,-46.2,1.334,5099.1,0,2995,1,2,2,1,0,0,0,6,4,1
42,295,1,6,2,-1.7,94.027,-38.3,0.899,4991.6,1,1746,9,1,5,0,0,0,0,1,2,2
51,329,3,999,0,1.4,94.465,-41.8,4.961,5228.1,0,1289,7,2,3,1,0,0,1,4,1,1
60,230,1,999,0,1.4,93.91799999999999,-42.7,4.96,5228.1,0,508,4,1,7,1,0,0,0,3,1,1
52,175,1,999,0,1.1,93.994,-36.4,4.857,5191.0,0,3513,6,1,6,1,0,0,1,6,1,1
58,84,3,999,0,1.4,93.444,-36.1,4.967,5228.1,0,3099,3,1,0,0,0,0,0,1,4,1
28,102,2,999,0,1.4,94.465,-41.8,4.865,5228.1,0,317,1,2,3,0,2,0,1,4,1,1
30,107,1,999,0,-2.9,92.963,-40.8,1.26,5076.2,0,1152,0,2,6,0,2,0,0,4,4,1
44,249,1,999,0,1.4,94.465,-41.8,4.864,5228.1,0,550,6,1,2,0,2,0,1,4,3,1
38,64,1,3,3,-3.4,92.649,-30.1,0.715,5017.5,1,948,0,1,6,0,2,0,0,7,3,2
54,796,1,999,0,1.4,93.91799999999999,-42.7,4.962,5228.1,0,3706,9,1,5,0,0,0,0,3,0,1
44,96,1,999,0,-0.1,93.2,-42.0,4.0760000000000005,5195.8,0,685,2,1,6,0,2,2,0,7,2,1
59,265,1,999,0,1.4,93.444,-36.1,4.9639999999999995,5228.1,0,1156,5,1,0,0,2,2,0,1,2,1
43,398,7,999,0,1.4,93.91799999999999,-42.7,4.962,5228.1,0,2712,10,0,2,0,0,0,0,3,1,1
56,1551,1,999,2,-3.4,92.37899999999999,-29.8,0.762,5017.5,0,1191,10,1,5,0,0,0,0,9,0,0
32,183,1,999,0,1.4,93.91799999999999,-42.7,4.963,5228.1,0,3203,9,1,5,0,0,2,0,3,4,1
45,367,2,999,0,1.4,93.91799999999999,-42.7,4.962,5228.1,1,1513,1,1,0,0,2,0,0,3,2,1
28,611,2,999,0,1.4,93.91799999999999,-42.7,4.962,5228.1,0,1483,1,2,5,0,2,0,0,3,4,1
37,68,1,999,1,-0.1,93.2,-42.0,4.0760000000000005,5195.8,0,996,2,1,3,1,0,0,0,7,2,0
46,227,2,999,0,-1.8,92.89299999999999,-46.2,1.334,5099.1,0,584,7,1,2,0,0,2,0,6,4,1
59,218,3,3,1,-1.7,94.027,-38.3,0.905,4991.6,1,2820,5,1,5,0,0,0,0,1,0,2
36,88,2,999,0,-0.1,93.2,-42.0,4.191,5195.8,0,1785,0,1,3,0,2,0,0,7,1,1
56,580,3,999,0,1.4,93.91799999999999,-42.7,4.961,5228.1,0,4094,5,1,0,1,0,0,0,3,3,1
37,263,2,999,0,1.4,93.444,-36.1,4.968,5228.1,0,1537,4,1,6,0,2,0,0,1,3,1
47,480,1,999,0,1.4,93.91799999999999,-42.7,4.96,5228.1,0,1210,0,0,3,0,0,0,0,3,1,1
38,459,2,999,0,1.1,93.994,-36.4,4.855,5191.0,0,78,6,2,6,0,0,0,1,6,2,1
36,49,2,999,0,1.4,94.465,-41.8,4.961,5228.1,0,1452,7,1,3,1,0,0,1,4,3,1
33,195,1,999,0,1.4,93.444,-36.1,4.963,5228.1,0,3665,0,2,3,0,2,0,0,1,3,1
29,83,2,999,0,1.1,93.994,-36.4,4.8580000000000005,5191.0,0,3753,0,2,2,1,2,0,1,6,4,1
30,188,1,999,0,-1.8,92.89299999999999,-46.2,1.2990000000000002,5099.1,0,1756,0,2,6,0,2,0,0,6,1,1
39,74,1,999,1,-0.1,93.2,-42.0,4.191,5195.8,0,2268,10,1,6,1,2,0,0,7,1,0
24,86,1,999,0,1.4,93.91799999999999,-42.7,4.962,5228.1,0,440,8,2,3,1,0,0,0,3,3,1
45,99,6,999,0,1.1,93.994,-36.4,4.857,5191.0,0,865,0,1,6,1,2,0,1,6,3,1
29,108,4,999,0,-1.8,92.89299999999999,-46.2,1.266,5099.1,0,2491,1,1,1,0,2,0,0,6,2,1
33,290,1,999,0,1.4,93.444,-36.1,4.967,5228.1,0,3479,9,2,5,0,2,0,0,1,4,1
48,227,1,999,0,-1.8,92.89299999999999,-46.2,1.2990000000000002,5099.1,0,3877,0,0,0,0,2,0,0,6,1,1
35,67,5,999,0,1.4,93.444,-36.1,4.965,5228.1,0,1908,4,1,6,0,0,2,1,1,1,1
52,161,1,999,1,-0.1,93.2,-42.0,4.191,5195.8,0,1917,4,0,6,0,2,0,0,7,1,0
27,201,1,999,0,-1.8,92.89299999999999,-46.2,1.266,5099.1,0,957,0,1,3,0,2,2,0,6,2,1
34,271,5,999,0,1.1,93.994,-36.4,4.855,5191.0,0,2707,4,0,1,1,2,0,1,6,2,1
33,151,2,999,0,1.4,93.444,-36.1,4.963,5228.1,0,3643,10,0,5,0,2,0,0,1,1,1
42,160,2,999,0,1.4,94.465,-41.8,4.8660000000000005,5228.1,0,743,0,1,6,1,2,0,1,4,2,1
46,372,1,999,0,-2.9,92.963,-40.8,1.26,5076.2,1,2529,0,0,3,0,2,0,0,4,1,1
34,484,3,999,0,-1.8,92.89299999999999,-46.2,1.266,5099.1,0,1146,1,2,2,0,0,0,0,6,2,1
29,347,3,5,1,-1.7,94.055,-39.8,0.7020000000000001,4991.6,1,1633,0,1,6,0,0,2,0,4,3,2
29,202,1,999,0,1.4,93.444,-36.1,4.9639999999999995,5228.1,0,1760,9,2,5,0,2,2,0,1,0,1
34,169,1,7,2,-3.4,92.649,-30.1,0.7140000000000001,5017.5,1,2617,0,2,6,0,0,0,0,7,2,2
30,131,3,999,0,1.4,93.444,-36.1,4.967,5228.1,0,2844,6,2,6,0,2,2,0,1,4,1
35,370,1,999,1,-0.1,93.2,-42.0,4.0760000000000005,5195.8,0,288,1,2,1,0,0,0,0,7,2,0
52,102,1,999,0,-0.1,93.2,-42.0,4.021,5195.8,0,352,9,1,2,0,2,0,0,7,0,1
51,334,2,999,0,1.4,94.465,-41.8,4.961,5228.1,0,486,1,1,0,1,2,0,1,4,3,1
54,193,1,3,1,-1.8,92.89299999999999,-46.2,1.27,5099.1,1,1514,10,1,2,0,0,0,0,6,4,2
50,383,1,999,0,1.1,93.994,-36.4,4.857,5191.0,0,2050,4,1,6,0,2,0,1,6,4,1
37,206,2,6,1,-3.0,92.713,-33.0,0.706,5023.5,1,3566,0,1,6,0,0,2,0,2,1,2
46,124,3,999,0,1.4,93.91799999999999,-42.7,4.968,5228.1,0,1322,9,1,6,0,0,0,0,3,2,1
31,429,1,999,3,-1.8,93.876,-40.0,0.695,5008.7,0,3713,7,2,2,0,1,1,0,6,0,0
46,550,2,999,0,1.4,93.91799999999999,-42.7,4.963,5228.1,0,1123,3,1,0,1,0,0,0,3,0,1
49,67,3,999,0,1.4,94.465,-41.8,4.958,5228.1,0,851,1,1,0,1,0,0,1,4,2,1
62,152,1,6,1,-3.4,92.649,-30.1,0.7190000000000001,5017.5,0,4095,1,1,0,0,2,0,0,7,1,2
45,73,1,999,0,1.4,93.91799999999999,-42.7,4.963,5228.1,0,3417,1,1,2,0,2,0,0,3,4,1
39,979,9,999,0,1.4,94.465,-41.8,4.961,5228.1,0,1229,0,1,6,0,0,0,1,4,3,1
41,154,1,999,0,1.1,93.994,-36.4,4.856,5191.0,0,1590,9,1,5,0,1,1,1,6,3,1
31,958,5,999,0,1.4,93.444,-36.1,4.962,5228.1,0,403,9,2,6,0,2,0,0,1,2,1
26,68,6,999,0,1.4,94.465,-41.8,4.961,5228.1,0,1294,0,2,0,0,2,2,1,4,3,1
40,231,1,999,0,1.4,94.465,-41.8,4.959,5228.1,0,3848,1,1,2,0,0,0,1,4,0,1
48,477,2,999,0,-1.8,92.89299999999999,-46.2,1.334,5099.1,0,3860,1,1,0,0,2,0,0,6,4,1
58,88,1,999,0,-3.4,92.431,-26.9,0.74,5017.5,0,3777,9,1,0,0,2,0,1,8,4,1
50,224,5,999,0,1.1,93.994,-36.4,4.856,5191.0,0,3825,9,1,3,0,0,0,1,6,4,1
37,481,1,999,0,1.4,93.444,-36.1,4.968,5228.1,0,1740,3,1,3,1,2,0,0,1,2,1
46,984,1,999,1,-1.8,92.89299999999999,-46.2,1.334,5099.1,1,2798,7,1,2,0,0,0,0,6,4,0
31,868,3,18,3,-1.7,94.027,-38.3,0.898,4991.6,1,1629,8,2,7,0,2,0,0,1,1,0
30,165,1,999,1,-1.8,93.876,-40.0,0.6679999999999999,5008.7,0,861,1,2,5,0,0,0,0,6,3,0
28,253,1,999,0,1.4,94.465,-41.8,4.955,5228.1,0,2010,0,2,5,0,0,2,1,4,2,1
33,265,2,999,0,-1.8,93.369,-34.8,0.652,5008.7,1,3368,6,2,6,0,2,0,0,5,1,1
35,102,5,999,0,1.4,93.91799999999999,-42.7,4.962,5228.1,0,1302,7,2,2,0,0,0,0,3,0,1
54,99,3,999,0,-1.1,94.601,-49.5,0.987,4963.6,0,2189,6,1,6,0,0,0,0,8,2,1
39,83,2,999,0,1.4,94.465,-41.8,4.961,5228.1,0,784,9,1,5,0,0,0,1,4,3,1
36,209,1,999,0,1.4,93.91799999999999,-42.7,4.961,5228.1,0,1733,0,2,7,0,0,0,0,3,3,1
32,1090,1,999,0,-1.8,93.075,-47.1,1.479,5099.1,0,1825,7,1,3,0,0,0,0,0,0,1
55,169,5,999,0,1.4,93.444,-36.1,4.9639999999999995,5228.1,0,2418,6,1,0,1,1,1,0,1,2,1
52,54,4,999,0,1.1,93.994,-36.4,4.864,5191.0,0,355,11,1,1,0,0,0,1,6,0,1
34,204,2,999,0,-1.8,92.89299999999999,-46.2,1.2990000000000002,5099.1,0,1361,1,2,1,0,0,0,0,6,1,1
40,155,1,999,0,1.1,93.994,-36.4,4.857,5191.0,0,306,1,1,7,0,2,2,1,6,1,1
35,39,1,999,0,1.1,93.994,-36.4,4.857,5191.0,0,1092,1,1,1,0,0,0,1,6,4,1
32,158,2,999,1,-1.8,92.89299999999999,-46.2,1.3130000000000002,5099.1,0,3728,9,1,5,0,0,0,0,6,0,0
36,73,2,999,0,1.4,93.444,-36.1,4.965,5228.1,0,573,3,1,0,0,0,0,0,1,1,1
53,119,4,999,0,1.4,94.465,-41.8,4.864,5228.1,0,1914,6,1,6,0,2,0,1,4,3,1
43,764,3,999,0,1.1,93.994,-36.4,4.856,5191.0,0,1895,4,1,5,0,0,0,1,6,4,1
36,181,1,999,0,-1.8,92.89299999999999,-46.2,1.334,5099.1,0,3117,1,1,2,0,2,0,0,6,4,1
44,153,3,0,1,-1.7,94.027,-38.3,0.9,4991.6,1,3128,7,0,1,0,2,0,0,1,4,2
33,67,2,999,0,1.1,93.994,-36.4,4.857,5191.0,0,1398,0,1,3,0,2,0,1,6,4,1
43,393,2,999,0,1.4,93.91799999999999,-42.7,4.961,5228.1,0,2206,1,1,2,0,2,2,0,3,3,1
30,138,2,999,0,-2.9,92.963,-40.8,1.268,5076.2,0,2155,6,1,6,0,2,0,0,4,0,1
34,194,3,999,0,1.1,93.994,-36.4,4.857,5191.0,0,2872,0,2,3,0,0,0,1,6,4,1
34,211,1,999,0,1.1,93.994,-36.4,4.856,5191.0,0,1524,7,1,3,0,0,0,1,6,3,1
43,69,1,999,1,-1.8,92.89299999999999,-46.2,1.281,5099.1,0,417,1,1,0,0,0,2,0,6,4,0
48,315,1,999,0,1.1,93.994,-36.4,4.856,5191.0,0,1989,0,0,3,0,0,0,1,6,3,1
35,86,1,999,1,-3.4,92.431,-26.9,0.74,5017.5,0,4047,0,1,6,0,2,0,0,8,2,0
31,360,2,999,0,1.4,94.465,-41.8,4.864,5228.1,0,2843,0,1,3,0,1,1,1,4,4,1
50,128,6,999,0,1.4,94.465,-41.8,4.864,5228.1,0,2361,1,1,2,0,0,0,1,4,3,1
47,100,3,999,0,1.4,93.444,-36.1,4.965,5228.1,0,2136,0,1,6,0,2,0,0,1,3,1
46,383,1,999,0,-1.1,94.76700000000001,-50.8,1.028,4963.6,0,171,1,1,5,0,0,0,0,7,0,1
45,528,7,999,0,1.4,93.444,-36.1,4.963,5228.1,0,4013,1,1,0,1,2,0,0,1,3,1
34,195,2,999,1,-1.8,92.89299999999999,-46.2,1.281,5099.1,0,1977,0,2,3,0,2,0,0,6,4,0
42,123,1,999,0,1.1,93.994,-36.4,4.859,5191.0,0,3149,4,1,6,0,2,2,1,6,0,1
52,152,2,999,1,-1.8,93.075,-47.1,1.435,5099.1,0,875,0,1,3,0,2,0,0,0,2,0
60,35,1,999,0,1.4,94.465,-41.8,4.96,5228.1,0,1780,4,1,7,1,2,0,1,4,1,1
49,161,4,999,0,1.4,93.444,-36.1,4.963,5228.1,0,1819,0,1,2,0,2,0,0,1,1,1
25,184,1,999,0,-2.9,92.20100000000001,-31.4,0.851,5076.2,1,3938,8,2,6,0,0,0,0,1,2,1
73,135,2,999,0,-2.9,92.20100000000001,-31.4,0.873,5076.2,0,1490,5,1,5,0,2,0,0,1,2,1
30,150,1,999,0,-1.8,92.89299999999999,-46.2,1.344,5099.1,0,3068,9,2,6,0,2,0,0,6,3,1
44,40,3,999,0,1.4,94.465,-41.8,4.959,5228.1,0,2505,7,1,3,0,2,0,1,4,0,1
41,163,1,999,0,1.4,94.465,-41.8,4.8660000000000005,5228.1,0,3628,7,0,2,0,2,0,1,4,2,1
53,446,1,999,0,1.4,93.444,-36.1,4.968,5228.1,0,3568,1,1,0,1,2,0,0,1,2,1
34,224,3,999,0,1.1,93.994,-36.4,4.855,5191.0,0,792,9,1,5,0,2,2,1,6,0,1
28,189,1,999,0,-1.8,92.89299999999999,-46.2,1.291,5099.1,0,711,1,1,0,0,0,0,0,6,3,1
47,323,1,3,2,-3.4,92.37899999999999,-29.8,0.7709999999999999,5017.5,1,4089,4,1,6,0,2,0,0,9,1,2
81,617,2,999,0,-1.8,92.89299999999999,-46.2,1.354,5099.1,1,339,5,1,0,0,0,0,0,6,1,1
53,136,2,999,0,1.4,93.444,-36.1,4.97,5228.1,0,3173,7,1,2,1,2,0,0,1,1,1
47,118,1,999,0,1.4,93.444,-36.1,4.963,5228.1,0,1351,1,1,2,1,2,0,0,1,3,1
25,125,4,999,0,1.1,93.994,-36.4,4.856,5191.0,0,479,0,1,3,0,0,2,1,6,3,1
49,354,1,999,0,1.4,93.91799999999999,-42.7,4.957,5228.1,0,1233,9,1,5,0,2,0,0,3,0,1
24,113,1,999,0,1.4,94.465,-41.8,4.959,5228.1,0,3471,2,2,3,0,2,0,1,4,0,1
47,170,1,999,0,1.1,93.994,-36.4,4.857,5191.0,0,3936,9,1,5,0,2,0,1,6,3,1
32,340,2,999,0,-1.8,93.075,-47.1,1.405,5099.1,0,2220,7,1,3,0,0,2,0,0,0,1
55,130,1,999,1,-1.8,92.89299999999999,-46.2,1.281,5099.1,0,1660,1,0,0,1,0,0,0,6,4,0
28,223,1,999,0,-1.8,92.89299999999999,-46.2,1.291,5099.1,0,1411,9,2,2,0,0,0,0,6,3,1
34,84,3,999,0,1.4,94.465,-41.8,4.96,5228.1,0,1934,4,1,6,1,0,0,1,4,1,1
33,6,7,999,0,-1.8,92.89299999999999,-46.2,1.281,5099.1,0,359,0,2,6,0,0,0,0,6,4,1
51,259,1,999,0,-0.1,93.2,-42.0,4.0760000000000005,5195.8,0,1544,5,1,2,0,2,0,0,7,2,1
29,251,11,999,0,1.1,93.994,-36.4,4.857,5191.0,0,3007,7,0,3,0,0,2,1,6,1,1
42,115,1,999,0,1.4,93.91799999999999,-42.7,4.957,5228.1,0,4017,0,2,6,1,2,2,0,3,0,1
31,146,2,999,0,1.4,94.465,-41.8,4.962,5228.1,0,2953,7,1,3,1,2,2,1,4,4,1
35,269,1,999,0,-2.9,92.963,-40.8,1.26,5076.2,1,3327,6,1,6,0,2,0,0,4,2,1
36,113,4,999,0,1.1,93.994,-36.4,4.857,5191.0,0,925,6,2,5,0,2,0,1,6,1,1
32,16,6,999,0,1.4,94.465,-41.8,4.959,5228.1,0,1091,1,1,1,0,2,0,1,4,0,1
48,506,1,999,0,-1.8,92.89299999999999,-46.2,1.266,5099.1,0,4055,1,1,2,1,0,0,0,6,2,1
59,464,1,999,0,1.4,93.91799999999999,-42.7,4.962,5228.1,0,4054,9,1,5,0,0,0,0,3,2,1
32,276,2,999,0,-2.9,92.469,-33.6,1.072,5076.2,1,2921,6,2,6,0,0,0,0,3,2,1
60,482,2,999,0,-1.8,93.075,-47.1,1.365,5099.1,1,3003,0,1,3,0,2,2,0,0,2,1
60,600,2,999,0,1.4,93.444,-36.1,4.965,5228.1,1,521,5,1,7,0,2,0,0,1,1,1
33,141,3,999,0,1.1,93.994,-36.4,4.856,5191.0,0,4024,1,1,2,0,1,1,1,6,4,1
45,173,1,999,0,1.4,94.465,-41.8,4.961,5228.1,0,891,6,0,6,0,2,2,1,4,1,1
32,457,1,999,0,-1.8,92.89299999999999,-46.2,1.25,5099.1,0,2200,9,2,6,0,0,0,0,6,0,1
39,135,1,999,0,1.1,93.994,-36.4,4.855,5191.0,0,408,9,0,5,0,2,0,1,6,0,1
33,78,7,999,0,1.4,94.465,-41.8,4.959,5228.1,0,1200,1,1,0,0,2,0,1,4,0,1
32,25,13,999,0,1.4,93.444,-36.1,4.9639999999999995,5228.1,0,767,9,2,6,0,2,0,0,1,4,1
44,39,2,999,0,1.4,94.465,-41.8,4.959,5228.1,0,854,0,0,6,0,0,0,1,4,0,1
50,125,1,999,0,1.1,93.994,-36.4,4.859,5191.0,0,3153,3,1,2,1,2,2,1,6,4,1
56,177,5,999,0,1.4,93.91799999999999,-42.7,4.957,5228.1,0,1163,0,1,6,0,2,0,0,3,0,1
36,246,1,999,1,-1.8,92.89299999999999,-46.2,1.344,5099.1,0,1985,1,1,0,1,0,0,0,6,3,0
32,261,1,999,0,1.4,94.465,-41.8,4.959,5228.1,0,3606,1,1,2,0,2,0,1,4,4,1
37,54,1,999,0,-1.8,92.89299999999999,-46.2,1.264,5099.1,0,3404,1,2,5,0,0,0,0,6,1,1
31,236,1,999,0,-1.8,92.89299999999999,-46.2,1.327,5099.1,0,372,7,0,3,1,2,0,0,6,2,1
28,180,1,999,0,1.1,93.994,-36.4,4.856,5191.0,0,834,9,1,3,0,0,0,1,6,3,1
30,258,2,999,1,-0.1,93.2,-42.0,4.021,5195.8,0,400,0,2,6,0,0,0,0,7,0,0
36,166,5,999,0,1.1,93.994,-36.4,4.859,5191.0,0,1119,7,1,3,0,0,2,1,6,4,1
35,584,1,999,0,-1.8,93.075,-47.1,1.365,5099.1,0,624,4,1,6,0,2,0,0,0,2,1
32,152,2,999,0,1.4,93.444,-36.1,4.9639999999999995,5228.1,0,1726,0,1,6,0,2,2,0,1,4,1
39,215,3,999,0,1.4,93.444,-36.1,4.966,5228.1,0,53,4,1,3,0,0,0,0,1,0,1
33,393,3,999,0,1.4,94.465,-41.8,4.865,5228.1,0,32,7,1,3,1,2,0,1,4,1,1
40,126,3,999,0,1.4,94.465,-41.8,4.961,5228.1,0,4082,3,2,6,0,0,0,1,4,1,1
29,202,2,999,0,-1.8,92.89299999999999,-46.2,1.3130000000000002,5099.1,0,2415,1,1,2,0,0,0,0,6,0,1
56,213,4,999,0,1.1,93.994,-36.4,4.857,5191.0,0,2513,0,1,6,1,0,0,1,6,0,1
54,255,3,999,0,1.4,94.465,-41.8,4.962,5228.1,0,1043,4,1,1,0,0,0,1,4,4,1
